i:0.45833,0.20833,0.45833,0.20833,0.45833,0.20833,0.45833,0.20833,0.45833,0.20833,0.45833,0.20833,0.45833,0.20833,0.45833,0.20833,0.45833,0.20833,0.45833,0.20833,0.45833,0.20833,0.45833,0.20833,0.45833,0.20833,0.45833,0.20833,0.45833,0.20833,0.45833,0.20833,0.45833,0.20833,0.45833,0.20833,0.45833,0.20833,0.45833,0.20833:0.0,0.0,0.0,0.0,0.0,0.0,0.0,0.0,0.0,0.0,0.0,0.0,0.0,0.0,0.0,0.0,0.0,0.0,0.0,0.0,0.0,0.0,0.0,0.0,0.0,0.0,0.0,0.0,0.0,0.0,0.0,0.0,0.0,0.0,0.0,0.0,0.0,0.0,0.0,0.0
be:0.45833,0.04167,0.45395,0.04167,0.44956,0.04167,0.44518,0.04167,0.44079,0.04167,0.4364,0.04167,0.43202,0.04167,0.42763,0.04167,0.42325,0.04167,0.41886,0.04167,0.41447,0.04167,0.41009,0.04167,0.4057,0.04167,0.40132,0.04167,0.39693,0.04167,0.39254,0.04167,0.38816,0.04167,0.38377,0.04167,0.37939,0.04167,0.375,0.04167:1.0,0.0,0.89474,0.0,0.78947,0.0,0.68421,0.0,0.57895,0.0,0.47368,0.0,0.36842,0.0,0.26316,0.0,0.15789,0.0,0.05263,0.0,-0.05263,0.0,-0.15789,0.0,-0.26316,0.0,-0.36842,0.0,-0.47368,0.0,-0.57895,0.0,-0.68421,0.0,-0.78947,0.0,-0.89474,0.0,-1.0,0.0
we:0.29167,0.04167,0.29605,0.04167,0.30044,0.04167,0.30482,0.04167,0.30921,0.04167,0.3136,0.04167,0.31798,0.04167,0.32237,0.04167,0.32675,0.04167,0.33114,0.04167,0.33553,0.04167,0.33991,0.04167,0.3443,0.04167,0.34868,0.04167,0.35307,0.04167,0.35746,0.04167,0.36184,0.04167,0.36623,0.04167,0.37061,0.04167,0.375,0.04167:-1.0,0.0,-0.89474,0.0,-0.78947,0.0,-0.68421,0.0,-0.57895,0.0,-0.47368,0.0,-0.36842,0.0,-0.26316,0.0,-0.15789,0.0,-0.05263,0.0,0.05263,0.0,0.15789,0.0,0.26316,0.0,0.36842,0.0,0.47368,0.0,0.57895,0.0,0.68421,0.0,0.78947,0.0,0.89474,0.0,1.0,0.0
will:0.29167,0.04167,0.30354,0.05354,0.31541,0.06541,0.32729,0.07729,0.33916,0.08916,0.35103,0.10103,0.36291,0.11291,0.37478,0.12478,0.38665,0.13665,0.39853,0.14853,0.4104,0.1604,0.42227,0.17227,0.43415,0.18415,0.44602,0.19602,0.45789,0.20789,0.4745,0.20833,0.49129,0.20833,0.50808,0.20833,0.52488,0.20833,0.54167,0.20833:-1.0,-0.66667,-0.90501,-0.57168,-0.81003,-0.47669,-0.71504,-0.38171,-0.62006,-0.28672,-0.52507,-0.19174,-0.43008,-0.09675,-0.3351,-0.00176,-0.24011,0.09322,-0.14512,0.18821,-0.05014,0.2832,0.04485,0.37818,0.13983,0.47317,0.23482,0.56815,0.32981,0.66314,0.46268,0.66667,0.59701,0.66667,0.73134,0.66667,0.86567,0.66667,1.0,0.66667
he:0.375,0.20833,0.375,0.19956,0.375,0.19079,0.375,0.18202,0.375,0.17325,0.375,0.16447,0.375,0.1557,0.375,0.14693,0.375,0.13816,0.375,0.12939,0.375,0.12061,0.375,0.11184,0.375,0.10307,0.375,0.0943,0.375,0.08553,0.375,0.07675,0.375,0.06798,0.375,0.05921,0.375,0.05044,0.375,0.04167:0.0,1.0,0.0,0.89474,0.0,0.78947,0.0,0.68421,0.0,0.57895,0.0,0.47368,0.0,0.36842,0.0,0.26316,0.0,0.15789,0.0,0.05263,0.0,-0.05263,0.0,-0.15789,0.0,-0.26316,0.0,-0.36842,0.0,-0.47368,0.0,-0.57895,0.0,-0.68421,0.0,-0.78947,0.0,-0.89474,0.0,-1.0
here:0.375,0.20833,0.375,0.18202,0.375,0.1557,0.375,0.12939,0.375,0.10307,0.375,0.07675,0.375,0.05044,0.39254,0.04167,0.41886,0.04167,0.44518,0.04167,0.47149,0.04167,0.49781,0.04167,0.52412,0.04167,0.53289,0.04167,0.50658,0.04167,0.48026,0.04167,0.45395,0.04167,0.42763,0.04167,0.40132,0.04167,0.375,0.04167:-0.94737,1.0,-0.94737,0.68421,-0.94737,0.36842,-0.94737,0.05263,-0.94737,-0.26316,-0.94737,-0.57895,-0.94737,-0.89474,-0.73684,-1.0,-0.42105,-1.0,-0.10526,-1.0,0.21053,-1.0,0.52632,-1.0,0.84211,-1.0,0.94737,-1.0,0.63158,-1.0,0.31579,-1.0,0.0,-1.0,-0.31579,-1.0,-0.63158,-1.0,-0.94737,-1.0
web:0.29167,0.04167,0.30044,0.04167,0.30921,0.04167,0.31798,0.04167,0.32675,0.04167,0.33553,0.04167,0.3443,0.04167,0.35307,0.04167,0.36184,0.04167,0.37061,0.04167,0.37939,0.04167,0.38816,0.04167,0.39693,0.04167,0.4057,0.04167,0.41447,0.04167,0.42325,0.04167,0.43202,0.04167,0.44079,0.04167,0.44956,0.04167,0.45833,0.04167:-1.0,0.0,-0.89474,0.0,-0.78947,0.0,-0.68421,0.0,-0.57895,0.0,-0.47368,0.0,-0.36842,0.0,-0.26316,0.0,-0.15789,0.0,-0.05263,0.0,0.05263,0.0,0.15789,0.0,0.26316,0.0,0.36842,0.0,0.47368,0.0,0.57895,0.0,0.68421,0.0,0.78947,0.0,0.89474,0.0,1.0,0.0
help:0.375,0.20833,0.375,0.174,0.375,0.13966,0.375,0.10533,0.375,0.07099,0.37854,0.04521,0.40282,0.06949,0.4271,0.09377,0.45138,0.11804,0.47566,0.14232,0.49994,0.1666,0.52421,0.19088,0.53201,0.20833,0.49768,0.20833,0.46334,0.20833,0.42901,0.20833,0.39467,0.20833,0.36034,0.20833,0.326,0.20833,0.29167,0.20833:-0.30656,0.67871,-0.30656,0.39299,-0.30656,0.10728,-0.30656,-0.17844,-0.30656,-0.46415,-0.27708,-0.67871,-0.07505,-0.47668,0.12698,-0.27464,0.32901,-0.07261,0.53104,0.12942,0.73307,0.33145,0.9351,0.53348,1.0,0.67871,0.71429,0.67871,0.42857,0.67871,0.14286,0.67871,-0.14286,0.67871,-0.42857,0.67871,-0.71429,0.67871,-1.0,0.67871
e:0.375,0.04167,0.375,0.04167,0.375,0.04167,0.375,0.04167,0.375,0.04167,0.375,0.04167,0.375,0.04167,0.375,0.04167,0.375,0.04167,0.375,0.04167,0.375,0.04167,0.375,0.04167,0.375,0.04167,0.375,0.04167,0.375,0.04167,0.375,0.04167,0.375,0.04167,0.375,0.04167,0.375,0.04167,0.375,0.04167:0.0,0.0,0.0,0.0,0.0,0.0,0.0,0.0,0.0,0.0,0.0,0.0,0.0,0.0,0.0,0.0,0.0,0.0,0.0,0.0,0.0,0.0,0.0,0.0,0.0,0.0,0.0,0.0,0.0,0.0,0.0,0.0,0.0,0.0,0.0,0.0,0.0,0.0,0.0,0.0
were:0.29167,0.04167,0.3136,0.04167,0.33553,0.04167,0.35746,0.04167,0.37939,0.04167,0.40132,0.04167,0.42325,0.04167,0.44518,0.04167,0.46711,0.04167,0.48904,0.04167,0.51096,0.04167,0.53289,0.04167,0.52851,0.04167,0.50658,0.04167,0.48465,0.04167,0.46272,0.04167,0.44079,0.04167,0.41886,0.04167,0.39693,0.04167,0.375,0.04167:-1.0,0.0,-0.81818,0.0,-0.63636,0.0,-0.45455,0.0,-0.27273,0.0,-0.09091,0.0,0.09091,0.0,0.27273,0.0,0.45455,0.0,0.63636,0.0,0.81818,0.0,1.0,0.0,0.96364,0.0,0.78182,0.0,0.6,0.0,0.41818,0.0,0.23636,0.0,0.05455,0.0,-0.12727,0.0,-0.30909,0.0
re:0.54167,0.04167,0.53289,0.04167,0.52412,0.04167,0.51535,0.04167,0.50658,0.04167,0.49781,0.04167,0.48904,0.04167,0.48026,0.04167,0.47149,0.04167,0.46272,0.04167,0.45395,0.04167,0.44518,0.04167,0.4364,0.04167,0.42763,0.04167,0.41886,0.04167,0.41009,0.04167,0.40132,0.04167,0.39254,0.04167,0.38377,0.04167,0.375,0.04167:1.0,0.0,0.89474,0.0,0.78947,0.0,0.68421,0.0,0.57895,0.0,0.47368,0.0,0.36842,0.0,0.26316,0.0,0.15789,0.0,0.05263,0.0,-0.05263,0.0,-0.15789,0.0,-0.26316,0.0,-0.36842,0.0,-0.47368,0.0,-0.57895,0.0,-0.68421,0.0,-0.78947,0.0,-0.89474,0.0,-1.0,0.0
b:0.45833,0.04167,0.45833,0.04167,0.45833,0.04167,0.45833,0.04167,0.45833,0.04167,0.45833,0.04167,0.45833,0.04167,0.45833,0.04167,0.45833,0.04167,0.45833,0.04167,0.45833,0.04167,0.45833,0.04167,0.45833,0.04167,0.45833,0.04167,0.45833,0.04167,0.45833,0.04167,0.45833,0.04167,0.45833,0.04167,0.45833,0.04167,0.45833,0.04167:0.0,0.0,0.0,0.0,0.0,0.0,0.0,0.0,0.0,0.0,0.0,0.0,0.0,0.0,0.0,0.0,0.0,0.0,0.0,0.0,0.0,0.0,0.0,0.0,0.0,0.0,0.0,0.0,0.0,0.0,0.0,0.0,0.0,0.0,0.0,0.0,0.0,0.0,0.0,0.0
her:0.375,0.20833,0.375,0.19079,0.375,0.17325,0.375,0.1557,0.375,0.13816,0.375,0.12061,0.375,0.10307,0.375,0.08553,0.375,0.06798,0.375,0.05044,0.38377,0.04167,0.40132,0.04167,0.41886,0.04167,0.4364,0.04167,0.45395,0.04167,0.47149,0.04167,0.48904,0.04167,0.50658,0.04167,0.52412,0.04167,0.54167,0.04167:-1.0,1.0,-1.0,0.78947,-1.0,0.57895,-1.0,0.36842,-1.0,0.15789,-1.0,-0.05263,-1.0,-0.26316,-1.0,-0.47368,-1.0,-0.68421,-1.0,-0.89474,-0.89474,-1.0,-0.68421,-1.0,-0.47368,-1.0,-0.26316,-1.0,-0.05263,-1.0,0.15789,-1.0,0.36842,-1.0,0.57895,-1.0,0.78947,-1.0,1.0,-1.0
well:0.29167,0.04167,0.30846,0.04167,0.32525,0.04167,0.34204,0.04167,0.35883,0.04167,0.37544,0.04211,0.38731,0.05398,0.39919,0.06585,0.41106,0.07773,0.42293,0.0896,0.43481,0.10147,0.44668,0.11335,0.45855,0.12522,0.47043,0.13709,0.4823,0.14897,0.49417,0.16084,0.50605,0.17271,0.51792,0.18459,0.52979,0.19646,0.54167,0.20833:-1.0,-0.66667,-0.86567,-0.66667,-0.73134,-0.66667,-0.59701,-0.66667,-0.46268,-0.66667,-0.32981,-0.66314,-0.23482,-0.56815,-0.13983,-0.47317,-0.04485,-0.37818,0.05014,-0.2832,0.14512,-0.18821,0.24011,-0.09322,0.3351,0.00176,0.43008,0.09675,0.52507,0.19174,0.62006,0.28672,0.71504,0.38171,0.81003,0.47669,0.90501,0.57168,1.0,0.66667
where:0.29167,0.04167,0.30782,0.07398,0.32398,0.10629,0.34013,0.1386,0.35629,0.1709,0.37244,0.20321,0.375,0.17793,0.375,0.14181,0.375,0.10569,0.375,0.06956,0.38323,0.04167,0.41935,0.04167,0.45547,0.04167,0.49159,0.04167,0.52772,0.04167,0.51949,0.04167,0.48337,0.04167,0.44725,0.04167,0.41112,0.04167,0.375,0.04167:-1.0,-0.68437,-0.86313,-0.41062,-0.72625,-0.13687,-0.58938,0.13687,-0.4525,0.41062,-0.31563,0.68437,-0.29394,0.47018,-0.29394,0.16412,-0.29394,-0.14194,-0.29394,-0.448,-0.22425,-0.68437,0.08181,-0.68437,0.38788,-0.68437,0.69394,-0.68437,1.0,-0.68437,0.93031,-0.68437,0.62425,-0.68437,0.31819,-0.68437,0.01212,-0.68437,-0.29394,-0.68437
r:0.54167,0.04167,0.54167,0.04167,0.54167,0.04167,0.54167,0.04167,0.54167,0.04167,0.54167,0.04167,0.54167,0.04167,0.54167,0.04167,0.54167,0.04167,0.54167,0.04167,0.54167,0.04167,0.54167,0.04167,0.54167,0.04167,0.54167,0.04167,0.54167,0.04167,0.54167,0.04167,0.54167,0.04167,0.54167,0.04167,0.54167,0.04167,0.54167,0.04167:0.0,0.0,0.0,0.0,0.0,0.0,0.0,0.0,0.0,0.0,0.0,0.0,0.0,0.0,0.0,0.0,0.0,0.0,0.0,0.0,0.0,0.0,0.0,0.0,0.0,0.0,0.0,0.0,0.0,0.0,0.0,0.0,0.0,0.0,0.0,0.0,0.0,0.0,0.0,0.0
p:0.29167,0.20833,0.29167,0.20833,0.29167,0.20833,0.29167,0.20833,0.29167,0.20833,0.29167,0.20833,0.29167,0.20833,0.29167,0.20833,0.29167,0.20833,0.29167,0.20833,0.29167,0.20833,0.29167,0.20833,0.29167,0.20833,0.29167,0.20833,0.29167,0.20833,0.29167,0.20833,0.29167,0.20833,0.29167,0.20833,0.29167,0.20833,0.29167,0.20833:0.0,0.0,0.0,0.0,0.0,0.0,0.0,0.0,0.0,0.0,0.0,0.0,0.0,0.0,0.0,0.0,0.0,0.0,0.0,0.0,0.0,0.0,0.0,0.0,0.0,0.0,0.0,0.0,0.0,0.0,0.0,0.0,0.0,0.0,0.0,0.0,0.0,0.0,0.0,0.0
l:0.54167,0.20833,0.54167,0.20833,0.54167,0.20833,0.54167,0.20833,0.54167,0.20833,0.54167,0.20833,0.54167,0.20833,0.54167,0.20833,0.54167,0.20833,0.54167,0.20833,0.54167,0.20833,0.54167,0.20833,0.54167,0.20833,0.54167,0.20833,0.54167,0.20833,0.54167,0.20833,0.54167,0.20833,0.54167,0.20833,0.54167,0.20833,0.54167,0.20833:0.0,0.0,0.0,0.0,0.0,0.0,0.0,0.0,0.0,0.0,0.0,0.0,0.0,0.0,0.0,0.0,0.0,0.0,0.0,0.0,0.0,0.0,0.0,0.0,0.0,0.0,0.0,0.0,0.0,0.0,0.0,0.0,0.0,0.0,0.0,0.0,0.0,0.0,0.0,0.0
w:0.29167,0.04167,0.29167,0.04167,0.29167,0.04167,0.29167,0.04167,0.29167,0.04167,0.29167,0.04167,0.29167,0.04167,0.29167,0.04167,0.29167,0.04167,0.29167,0.04167,0.29167,0.04167,0.29167,0.04167,0.29167,0.04167,0.29167,0.04167,0.29167,0.04167,0.29167,0.04167,0.29167,0.04167,0.29167,0.04167,0.29167,0.04167,0.29167,0.04167:0.0,0.0,0.0,0.0,0.0,0.0,0.0,0.0,0.0,0.0,0.0,0.0,0.0,0.0,0.0,0.0,0.0,0.0,0.0,0.0,0.0,0.0,0.0,0.0,0.0,0.0,0.0,0.0,0.0,0.0,0.0,0.0,0.0,0.0,0.0,0.0,0.0,0.0,0.0,0.0
while:0.29167,0.04167,0.30552,0.06938,0.31938,0.09709,0.33324,0.12481,0.34709,0.15252,0.36095,0.18023,0.37481,0.20795,0.40555,0.20833,0.43654,0.20833,0.46752,0.20833,0.49851,0.20833,0.52949,0.20833,0.52837,0.19503,0.50646,0.17312,0.48455,0.15121,0.46264,0.1293,0.44073,0.10739,0.41882,0.08549,0.39691,0.06358,0.375,0.04167:-1.0,-0.70079,-0.88347,-0.46774,-0.76694,-0.23468,-0.65041,-0.00162,-0.53388,0.23144,-0.41736,0.46449,-0.30083,0.69755,-0.04227,0.70079,0.2183,0.70079,0.47887,0.70079,0.73943,0.70079,1.0,0.70079,0.99053,0.58894,0.80628,0.40469,0.62204,0.22045,0.43779,0.0362,0.25354,-0.14805,0.06929,-0.3323,-0.11496,-0.51655,-0.29921,-0.70079
h:0.375,0.20833,0.375,0.20833,0.375,0.20833,0.375,0.20833,0.375,0.20833,0.375,0.20833,0.375,0.20833,0.375,0.20833,0.375,0.20833,0.375,0.20833,0.375,0.20833,0.375,0.20833,0.375,0.20833,0.375,0.20833,0.375,0.20833,0.375,0.20833,0.375,0.20833,0.375,0.20833,0.375,0.20833,0.375,0.20833:0.0,0.0,0.0,0.0,0.0,0.0,0.0,0.0,0.0,0.0,0.0,0.0,0.0,0.0,0.0,0.0,0.0,0.0,0.0,0.0,0.0,0.0,0.0,0.0,0.0,0.0,0.0,0.0,0.0,0.0,0.0,0.0,0.0,0.0,0.0,0.0,0.0,0.0,0.0,0.0
per:0.29167,0.20833,0.29998,0.19172,0.30828,0.1751,0.31659,0.15848,0.3249,0.14186,0.33321,0.12524,0.34152,0.10863,0.34983,0.09201,0.35814,0.07539,0.36645,0.05877,0.37476,0.04216,0.39303,0.04167,0.41161,0.04167,0.43019,0.04167,0.44877,0.04167,0.46735,0.04167,0.48593,0.04167,0.50451,0.04167,0.52309,0.04167,0.54167,0.04167:-1.0,0.66667,-0.93353,0.53372,-0.86706,0.40078,-0.80059,0.26784,-0.73412,0.1349,-0.66764,0.00196,-0.60117,-0.13099,-0.5347,-0.26393,-0.46823,-0.39687,-0.40176,-0.52981,-0.33529,-0.66276,-0.18907,-0.66667,-0.04044,-0.66667,0.1082,-0.66667,0.25683,-0.66667,0.40546,-0.66667,0.5541,-0.66667,0.70273,-0.66667,0.85137,-0.66667,1.0,-0.66667
bill:0.45833,0.04167,0.45833,0.05482,0.45833,0.06798,0.45833,0.08114,0.45833,0.0943,0.45833,0.10746,0.45833,0.12061,0.45833,0.13377,0.45833,0.14693,0.45833,0.16009,0.45833,0.17325,0.45833,0.1864,0.45833,0.19956,0.46272,0.20833,0.47588,0.20833,0.48904,0.20833,0.50219,0.20833,0.51535,0.20833,0.52851,0.20833,0.54167,0.20833:-0.5,-1.0,-0.5,-0.84211,-0.5,-0.68421,-0.5,-0.52632,-0.5,-0.36842,-0.5,-0.21053,-0.5,-0.05263,-0.5,0.10526,-0.5,0.26316,-0.5,0.42105,-0.5,0.57895,-0.5,0.73684,-0.5,0.89474,-0.44737,1.0,-0.28947,1.0,-0.13158,1.0,0.02632,1.0,0.18421,1.0,0.34211,1.0,0.5,1.0
pre:0.29167,0.20833,0.31212,0.1947,0.33258,0.18106,0.35304,0.16742,0.37349,0.15378,0.39395,0.14014,0.41441,0.12651,0.43486,0.11287,0.45532,0.09923,0.47578,0.08559,0.49623,0.07196,0.51669,0.05832,0.53715,0.04468,0.52251,0.04167,0.49793,0.04167,0.47334,0.04167,0.44876,0.04167,0.42417,0.04167,0.39959,0.04167,0.375,0.04167:-1.0,0.67894,-0.83333,0.56783,-0.66667,0.45672,-0.5,0.34561,-0.33333,0.2345,-0.16667,0.12339,0.0,0.01228,0.16667,-0.09883,0.33333,-0.20994,0.5,-0.32106,0.66667,-0.43217,0.83333,-0.54328,1.0,-0.65439,0.8808,-0.67894,0.68049,-0.67894,0.48018,-0.67894,0.27987,-0.67894,0.07956,-0.67894,-0.12075,-0.67894,-0.32106,-0.67894
hi:0.375,0.20833,0.37939,0.20833,0.38377,0.20833,0.38816,0.20833,0.39254,0.20833,0.39693,0.20833,0.40132,0.20833,0.4057,0.20833,0.41009,0.20833,0.41447,0.20833,0.41886,0.20833,0.42325,0.20833,0.42763,0.20833,0.43202,0.20833,0.4364,0.20833,0.44079,0.20833,0.44518,0.20833,0.44956,0.20833,0.45395,0.20833,0.45833,0.20833:-1.0,0.0,-0.89474,0.0,-0.78947,0.0,-0.68421,0.0,-0.57895,0.0,-0.47368,0.0,-0.36842,0.0,-0.26316,0.0,-0.15789,0.0,-0.05263,0.0,0.05263,0.0,0.15789,0.0,0.26316,0.0,0.36842,0.0,0.47368,0.0,0.57895,0.0,0.68421,0.0,0.78947,0.0,0.89474,0.0,1.0,0.0
hp:0.375,0.20833,0.37061,0.20833,0.36623,0.20833,0.36184,0.20833,0.35746,0.20833,0.35307,0.20833,0.34868,0.20833,0.3443,0.20833,0.33991,0.20833,0.33553,0.20833,0.33114,0.20833,0.32675,0.20833,0.32237,0.20833,0.31798,0.20833,0.3136,0.20833,0.30921,0.20833,0.30482,0.20833,0.30044,0.20833,0.29605,0.20833,0.29167,0.20833:1.0,0.0,0.89474,0.0,0.78947,0.0,0.68421,0.0,0.57895,0.0,0.47368,0.0,0.36842,0.0,0.26316,0.0,0.15789,0.0,0.05263,0.0,-0.05263,0.0,-0.15789,0.0,-0.26316,0.0,-0.36842,0.0,-0.47368,0.0,-0.57895,0.0,-0.68421,0.0,-0.78947,0.0,-0.89474,0.0,-1.0,0.0
ip:0.45833,0.20833,0.44956,0.20833,0.44079,0.20833,0.43202,0.20833,0.42325,0.20833,0.41447,0.20833,0.4057,0.20833,0.39693,0.20833,0.38816,0.20833,0.37939,0.20833,0.37061,0.20833,0.36184,0.20833,0.35307,0.20833,0.3443,0.20833,0.33553,0.20833,0.32675,0.20833,0.31798,0.20833,0.30921,0.20833,0.30044,0.20833,0.29167,0.20833:1.0,0.0,0.89474,0.0,0.78947,0.0,0.68421,0.0,0.57895,0.0,0.47368,0.0,0.36842,0.0,0.26316,0.0,0.15789,0.0,0.05263,0.0,-0.05263,0.0,-0.15789,0.0,-0.26316,0.0,-0.36842,0.0,-0.47368,0.0,-0.57895,0.0,-0.68421,0.0,-0.78947,0.0,-0.89474,0.0,-1.0,0.0
hill:0.375,0.20833,0.38377,0.20833,0.39254,0.20833,0.40132,0.20833,0.41009,0.20833,0.41886,0.20833,0.42763,0.20833,0.4364,0.20833,0.44518,0.20833,0.45395,0.20833,0.46272,0.20833,0.47149,0.20833,0.48026,0.20833,0.48904,0.20833,0.49781,0.20833,0.50658,0.20833,0.51535,0.20833,0.52412,0.20833,0.53289,0.20833,0.54167,0.20833:-1.0,0.0,-0.89474,0.0,-0.78947,0.0,-0.68421,0.0,-0.57895,0.0,-0.47368,0.0,-0.36842,0.0,-0.26316,0.0,-0.15789,0.0,-0.05263,0.0,0.05263,0.0,0.15789,0.0,0.26316,0.0,0.36842,0.0,0.47368,0.0,0.57895,0.0,0.68421,0.0,0.78947,0.0,0.89474,0.0,1.0,0.0
ie:0.45833,0.20833,0.45395,0.19956,0.44956,0.19079,0.44518,0.18202,0.44079,0.17325,0.4364,0.16447,0.43202,0.1557,0.42763,0.14693,0.42325,0.13816,0.41886,0.12939,0.41447,0.12061,0.41009,0.11184,0.4057,0.10307,0.40132,0.0943,0.39693,0.08553,0.39254,0.07675,0.38816,0.06798,0.38377,0.05921,0.37939,0.05044,0.375,0.04167:0.5,1.0,0.44737,0.89474,0.39474,0.78947,0.34211,0.68421,0.28947,0.57895,0.23684,0.47368,0.18421,0.36842,0.13158,0.26316,0.07895,0.15789,0.02632,0.05263,-0.02632,-0.05263,-0.07895,-0.15789,-0.13158,-0.26316,-0.18421,-0.36842,-0.23684,-0.47368,-0.28947,-0.57895,-0.34211,-0.68421,-0.39474,-0.78947,-0.44737,-0.89474,-0.5,-1.0
el:0.375,0.04167,0.38377,0.05044,0.39254,0.05921,0.40132,0.06798,0.41009,0.07675,0.41886,0.08553,0.42763,0.0943,0.4364,0.10307,0.44518,0.11184,0.45395,0.12061,0.46272,0.12939,0.47149,0.13816,0.48026,0.14693,0.48904,0.1557,0.49781,0.16447,0.50658,0.17325,0.51535,0.18202,0.52412,0.19079,0.53289,0.19956,0.54167,0.20833:-1.0,-1.0,-0.89474,-0.89474,-0.78947,-0.78947,-0.68421,-0.68421,-0.57895,-0.57895,-0.47368,-0.47368,-0.36842,-0.36842,-0.26316,-0.26316,-0.15789,-0.15789,-0.05263,-0.05263,0.05263,0.05263,0.15789,0.15789,0.26316,0.26316,0.36842,0.36842,0.47368,0.47368,0.57895,0.57895,0.68421,0.68421,0.78947,0.78947,0.89474,0.89474,1.0,1.0
il:0.45833,0.20833,0.46272,0.20833,0.46711,0.20833,0.47149,0.20833,0.47588,0.20833,0.48026,0.20833,0.48465,0.20833,0.48904,0.20833,0.49342,0.20833,0.49781,0.20833,0.50219,0.20833,0.50658,0.20833,0.51096,0.20833,0.51535,0.20833,0.51974,0.20833,0.52412,0.20833,0.52851,0.20833,0.53289,0.20833,0.53728,0.20833,0.54167,0.20833:-1.0,0.0,-0.89474,0.0,-0.78947,0.0,-0.68421,0.0,-0.57895,0.0,-0.47368,0.0,-0.36842,0.0,-0.26316,0.0,-0.15789,0.0,-0.05263,0.0,0.05263,0.0,0.15789,0.0,0.26316,0.0,0.36842,0.0,0.47368,0.0,0.57895,0.0,0.68421,0.0,0.78947,0.0,0.89474,0.0,1.0,0.0
php:0.29167,0.20833,0.30044,0.20833,0.30921,0.20833,0.31798,0.20833,0.32675,0.20833,0.33553,0.20833,0.3443,0.20833,0.35307,0.20833,0.36184,0.20833,0.37061,0.20833,0.37061,0.20833,0.36184,0.20833,0.35307,0.20833,0.3443,0.20833,0.33553,0.20833,0.32675,0.20833,0.31798,0.20833,0.30921,0.20833,0.30044,0.20833,0.29167,0.20833:-1.0,0.0,-0.77778,0.0,-0.55556,0.0,-0.33333,0.0,-0.11111,0.0,0.11111,0.0,0.33333,0.0,0.55556,0.0,0.77778,0.0,1.0,0.0,1.0,0.0,0.77778,0.0,0.55556,0.0,0.33333,0.0,0.11111,0.0,-0.11111,0.0,-0.33333,0.0,-0.55556,0.0,-0.77778,0.0,-1.0,0.0
le:0.54167,0.20833,0.53289,0.19956,0.52412,0.19079,0.51535,0.18202,0.50658,0.17325,0.49781,0.16447,0.48904,0.1557,0.48026,0.14693,0.47149,0.13816,0.46272,0.12939,0.45395,0.12061,0.44518,0.11184,0.4364,0.10307,0.42763,0.0943,0.41886,0.08553,0.41009,0.07675,0.40132,0.06798,0.39254,0.05921,0.38377,0.05044,0.375,0.04167:1.0,1.0,0.89474,0.89474,0.78947,0.78947,0.68421,0.68421,0.57895,0.57895,0.47368,0.47368,0.36842,0.36842,0.26316,0.26316,0.15789,0.15789,0.05263,0.05263,-0.05263,-0.05263,-0.15789,-0.15789,-0.26316,-0.26316,-0.36842,-0.36842,-0.47368,-0.47368,-0.57895,-0.57895,-0.68421,-0.68421,-0.78947,-0.78947,-0.89474,-0.89474,-1.0,-1.0
bible:0.45833,0.04167,0.45833,0.08142,0.45833,0.12118,0.45833,0.16094,0.45833,0.20069,0.45833,0.17622,0.45833,0.13646,0.45833,0.0967,0.45833,0.05695,0.46928,0.06356,0.48706,0.09912,0.50484,0.13468,0.52262,0.17024,0.5404,0.2058,0.51556,0.18223,0.48745,0.15412,0.45934,0.126,0.43122,0.09789,0.40311,0.06978,0.375,0.04167:0.00767,-0.99233,0.00767,-0.51159,0.00767,-0.03085,0.00767,0.44989,0.00767,0.93062,0.00767,0.63466,0.00767,0.15393,0.00767,-0.32681,0.00767,-0.80755,0.14003,-0.72761,0.35502,-0.29763,0.57001,0.13236,0.78501,0.56234,1.0,0.99233,0.69967,0.70734,0.35973,0.3674,0.0198,0.02747,-0.32013,-0.31246,-0.66007,-0.6524,-1.0,-0.99233
lee:0.54167,0.20833,0.53289,0.19956,0.52412,0.19079,0.51535,0.18202,0.50658,0.17325,0.49781,0.16447,0.48904,0.1557,0.48026,0.14693,0.47149,0.13816,0.46272,0.12939,0.45395,0.12061,0.44518,0.11184,0.4364,0.10307,0.42763,0.0943,0.41886,0.08553,0.41009,0.07675,0.40132,0.06798,0.39254,0.05921,0.38377,0.05044,0.375,0.04167:1.0,1.0,0.89474,0.89474,0.78947,0.78947,0.68421,0.68421,0.57895,0.57895,0.47368,0.47368,0.36842,0.36842,0.26316,0.26316,0.15789,0.15789,0.05263,0.05263,-0.05263,-0.05263,-0.15789,-0.15789,-0.26316,-0.26316,-0.36842,-0.36842,-0.47368,-0.47368,-0.57895,-0.57895,-0.68421,-0.68421,-0.78947,-0.78947,-0.89474,-0.89474,-1.0,-1.0
hire:0.375,0.20833,0.39797,0.20833,0.42093,0.20833,0.4439,0.20833,0.46215,0.20071,0.47242,0.18017,0.48269,0.15962,0.49296,0.13908,0.50323,0.11854,0.5135,0.098,0.52377,0.07746,0.53404,0.05692,0.53576,0.04167,0.51279,0.04167,0.48983,0.04167,0.46686,0.04167,0.4439,0.04167,0.42093,0.04167,0.39797,0.04167,0.375,0.04167:-0.96454,1.0,-0.68896,1.0,-0.41337,1.0,-0.13779,1.0,0.08122,0.90847,0.20447,0.66198,0.32771,0.4155,0.45096,0.16901,0.5742,-0.07748,0.69745,-0.32397,0.82069,-0.57046,0.94393,-0.81695,0.96454,-1.0,0.68896,-1.0,0.41337,-1.0,0.13779,-1.0,-0.13779,-1.0,-0.41337,-1.0,-0.68896,-1.0,-0.96454,-1.0
wi:0.29167,0.04167,0.30044,0.05044,0.30921,0.05921,0.31798,0.06798,0.32675,0.07675,0.33553,0.08553,0.3443,0.0943,0.35307,0.10307,0.36184,0.11184,0.37061,0.12061,0.37939,0.12939,0.38816,0.13816,0.39693,0.14693,0.4057,0.1557,0.41447,0.16447,0.42325,0.17325,0.43202,0.18202,0.44079,0.19079,0.44956,0.19956,0.45833,0.20833:-1.0,-1.0,-0.89474,-0.89474,-0.78947,-0.78947,-0.68421,-0.68421,-0.57895,-0.57895,-0.47368,-0.47368,-0.36842,-0.36842,-0.26316,-0.26316,-0.15789,-0.15789,-0.05263,-0.05263,0.05263,0.05263,0.15789,0.15789,0.26316,0.26316,0.36842,0.36842,0.47368,0.47368,0.57895,0.57895,0.68421,0.68421,0.78947,0.78947,0.89474,0.89474,1.0,1.0
hr:0.375,0.20833,0.38377,0.19956,0.39254,0.19079,0.40132,0.18202,0.41009,0.17325,0.41886,0.16447,0.42763,0.1557,0.4364,0.14693,0.44518,0.13816,0.45395,0.12939,0.46272,0.12061,0.47149,0.11184,0.48026,0.10307,0.48904,0.0943,0.49781,0.08553,0.50658,0.07675,0.51535,0.06798,0.52412,0.05921,0.53289,0.05044,0.54167,0.04167:-1.0,1.0,-0.89474,0.89474,-0.78947,0.78947,-0.68421,0.68421,-0.57895,0.57895,-0.47368,0.47368,-0.36842,0.36842,-0.26316,0.26316,-0.15789,0.15789,-0.05263,0.05263,0.05263,-0.05263,0.15789,-0.15789,0.26316,-0.26316,0.36842,-0.36842,0.47368,-0.47368,0.57895,-0.57895,0.68421,-0.68421,0.78947,-0.78947,0.89474,-0.89474,1.0,-1.0
rw:0.54167,0.04167,0.52851,0.04167,0.51535,0.04167,0.50219,0.04167,0.48904,0.04167,0.47588,0.04167,0.46272,0.04167,0.44956,0.04167,0.4364,0.04167,0.42325,0.04167,0.41009,0.04167,0.39693,0.04167,0.38377,0.04167,0.37061,0.04167,0.35746,0.04167,0.3443,0.04167,0.33114,0.04167,0.31798,0.04167,0.30482,0.04167,0.29167,0.04167:1.0,0.0,0.89474,0.0,0.78947,0.0,0.68421,0.0,0.57895,0.0,0.47368,0.0,0.36842,0.0,0.26316,0.0,0.15789,0.0,0.05263,0.0,-0.05263,0.0,-0.15789,0.0,-0.26316,0.0,-0.36842,0.0,-0.47368,0.0,-0.57895,0.0,-0.68421,0.0,-0.78947,0.0,-0.89474,0.0,-1.0,0.0
wire:0.29167,0.04167,0.31358,0.06358,0.33549,0.08549,0.35739,0.10739,0.3793,0.1293,0.40121,0.15121,0.42312,0.17312,0.44503,0.19503,0.46378,0.19744,0.47763,0.16973,0.49149,0.14202,0.50535,0.1143,0.51921,0.08659,0.53306,0.05888,0.52992,0.04167,0.49894,0.04167,0.46795,0.04167,0.43697,0.04167,0.40598,0.04167,0.375,0.04167:-1.0,-0.64532,-0.81848,-0.4638,-0.63695,-0.28227,-0.45543,-0.10075,-0.27391,0.08077,-0.09238,0.2623,0.08914,0.44382,0.27066,0.62534,0.42597,0.64532,0.54078,0.41571,0.65558,0.1861,0.77039,-0.04351,0.88519,-0.27312,1.0,-0.50273,0.974,-0.64532,0.71728,-0.64532,0.46057,-0.64532,0.20386,-0.64532,-0.05286,-0.64532,-0.30957,-0.64532
pr:0.29167,0.20833,0.30482,0.19956,0.31798,0.19079,0.33114,0.18202,0.3443,0.17325,0.35746,0.16447,0.37061,0.1557,0.38377,0.14693,0.39693,0.13816,0.41009,0.12939,0.42325,0.12061,0.4364,0.11184,0.44956,0.10307,0.46272,0.0943,0.47588,0.08553,0.48904,0.07675,0.50219,0.06798,0.51535,0.05921,0.52851,0.05044,0.54167,0.04167:-1.0,0.66667,-0.89474,0.59649,-0.78947,0.52632,-0.68421,0.45614,-0.57895,0.38596,-0.47368,0.31579,-0.36842,0.24561,-0.26316,0.17544,-0.15789,0.10526,-0.05263,0.03509,0.05263,-0.03509,0.15789,-0.10526,0.26316,-0.17544,0.36842,-0.24561,0.47368,-0.31579,0.57895,-0.38596,0.68421,-0.45614,0.78947,-0.52632,0.89474,-0.59649,1.0,-0.66667
hip:0.375,0.20833,0.38816,0.20833,0.40132,0.20833,0.41447,0.20833,0.42763,0.20833,0.44079,0.20833,0.45395,0.20833,0.44956,0.20833,0.4364,0.20833,0.42325,0.20833,0.41009,0.20833,0.39693,0.20833,0.38377,0.20833,0.37061,0.20833,0.35746,0.20833,0.3443,0.20833,0.33114,0.20833,0.31798,0.20833,0.30482,0.20833,0.29167,0.20833:0.02703,0.0,0.18919,0.0,0.35135,0.0,0.51351,0.0,0.67568,0.0,0.83784,0.0,1.0,0.0,0.94595,0.0,0.78378,0.0,0.62162,0.0,0.45946,0.0,0.2973,0.0,0.13514,0.0,-0.02703,0.0,-0.18919,0.0,-0.35135,0.0,-0.51351,0.0,-0.67568,0.0,-0.83784,0.0,-1.0,0.0
wheel:0.29167,0.04167,0.30552,0.06938,0.31938,0.09709,0.33324,0.12481,0.34709,0.15252,0.36095,0.18023,0.37481,0.20795,0.375,0.17778,0.375,0.1468,0.375,0.11581,0.375,0.08483,0.375,0.05384,0.3883,0.05497,0.41021,0.07688,0.43212,0.09879,0.45403,0.1207,0.47594,0.14261,0.49785,0.16451,0.51976,0.18642,0.54167,0.20833:-1.0,-0.66667,-0.88915,-0.44496,-0.77829,-0.22325,-0.66744,-0.00154,-0.55658,0.22017,-0.44573,0.44187,-0.33488,0.66358,-0.33333,0.42224,-0.33333,0.17436,-0.33333,-0.07351,-0.33333,-0.32139,-0.33333,-0.56927,-0.22693,-0.56026,-0.05165,-0.38499,0.12362,-0.20971,0.2989,-0.03444,0.47417,0.14084,0.64945,0.31612,0.82472,0.49139,1.0,0.66667
bell:0.45833,0.04167,0.44154,0.04167,0.42475,0.04167,0.40796,0.04167,0.39117,0.04167,0.37544,0.04211,0.38731,0.05398,0.39919,0.06585,0.41106,0.07773,0.42293,0.0896,0.43481,0.10147,0.44668,0.11335,0.45855,0.12522,0.47043,0.13709,0.4823,0.14897,0.49417,0.16084,0.50605,0.17271,0.51792,0.18459,0.52979,0.19646,0.54167,0.20833:-0.00264,-1.0,-0.20414,-1.0,-0.40564,-1.0,-0.60713,-1.0,-0.80863,-1.0,-0.99736,-0.99471,-0.85488,-0.85223,-0.7124,-0.70975,-0.56992,-0.56727,-0.42744,-0.42479,-0.28496,-0.28231,-0.14248,-0.13983,0.0,0.00264,0.14248,0.14512,0.28496,0.2876,0.42744,0.43008,0.56992,0.57256,0.7124,0.71504,0.85488,0.85752,0.99736,1.0
perl:0.29167,0.20833,0.3039,0.18387,0.31613,0.15941,0.32836,0.13494,0.34059,0.11048,0.35283,0.08602,0.36506,0.06155,0.38012,0.04167,0.40747,0.04167,0.43482,0.04167,0.46217,0.04167,0.48952,0.04167,0.51688,0.04167,0.54167,0.04423,0.54167,0.07158,0.54167,0.09893,0.54167,0.12628,0.54167,0.15363,0.54167,0.18098,0.54167,0.20833:-1.0,0.66667,-0.90215,0.47096,-0.80429,0.27525,-0.70644,0.07954,-0.60858,-0.11617,-0.51073,-0.31188,-0.41287,-0.50759,-0.29238,-0.66667,-0.07357,-0.66667,0.14524,-0.66667,0.36405,-0.66667,0.58286,-0.66667,0.80167,-0.66667,1.0,-0.64619,1.0,-0.42738,1.0,-0.20857,1.0,0.01024,1.0,0.22905,1.0,0.44786,1.0,0.66667
lib:0.54167,0.20833,0.52851,0.20833,0.51535,0.20833,0.50219,0.20833,0.48904,0.20833,0.47588,0.20833,0.46272,0.20833,0.45833,0.19956,0.45833,0.1864,0.45833,0.17325,0.45833,0.16009,0.45833,0.14693,0.45833,0.13377,0.45833,0.12061,0.45833,0.10746,0.45833,0.0943,0.45833,0.08114,0.45833,0.06798,0.45833,0.05482,0.45833,0.04167:0.5,1.0,0.34211,1.0,0.18421,1.0,0.02632,1.0,-0.13158,1.0,-0.28947,1.0,-0.44737,1.0,-0.5,0.89474,-0.5,0.73684,-0.5,0.57895,-0.5,0.42105,-0.5,0.26316,-0.5,0.10526,-0.5,-0.05263,-0.5,-0.21053,-0.5,-0.36842,-0.5,-0.52632,-0.5,-0.68421,-0.5,-0.84211,-0.5,-1.0
ph:0.29167,0.20833,0.29605,0.20833,0.30044,0.20833,0.30482,0.20833,0.30921,0.20833,0.3136,0.20833,0.31798,0.20833,0.32237,0.20833,0.32675,0.20833,0.33114,0.20833,0.33553,0.20833,0.33991,0.20833,0.3443,0.20833,0.34868,0.20833,0.35307,0.20833,0.35746,0.20833,0.36184,0.20833,0.36623,0.20833,0.37061,0.20833,0.375,0.20833:-1.0,0.0,-0.89474,0.0,-0.78947,0.0,-0.68421,0.0,-0.57895,0.0,-0.47368,0.0,-0.36842,0.0,-0.26316,0.0,-0.15789,0.0,-0.05263,0.0,0.05263,0.0,0.15789,0.0,0.26316,0.0,0.36842,0.0,0.47368,0.0,0.57895,0.0,0.68421,0.0,0.78947,0.0,0.89474,0.0,1.0,0.0
beer:0.45833,0.04167,0.44518,0.04167,0.43202,0.04167,0.41886,0.04167,0.4057,0.04167,0.39254,0.04167,0.37939,0.04167,0.38377,0.04167,0.39693,0.04167,0.41009,0.04167,0.42325,0.04167,0.4364,0.04167,0.44956,0.04167,0.46272,0.04167,0.47588,0.04167,0.48904,0.04167,0.50219,0.04167,0.51535,0.04167,0.52851,0.04167,0.54167,0.04167:-0.02703,0.0,-0.18919,0.0,-0.35135,0.0,-0.51351,0.0,-0.67568,0.0,-0.83784,0.0,-1.0,0.0,-0.94595,0.0,-0.78378,0.0,-0.62162,0.0,-0.45946,0.0,-0.2973,0.0,-0.13514,0.0,0.02703,0.0,0.18919,0.0,0.35135,0.0,0.51351,0.0,0.67568,0.0,0.83784,0.0,1.0,0.0
br:0.45833,0.04167,0.46272,0.04167,0.46711,0.04167,0.47149,0.04167,0.47588,0.04167,0.48026,0.04167,0.48465,0.04167,0.48904,0.04167,0.49342,0.04167,0.49781,0.04167,0.50219,0.04167,0.50658,0.04167,0.51096,0.04167,0.51535,0.04167,0.51974,0.04167,0.52412,0.04167,0.52851,0.04167,0.53289,0.04167,0.53728,0.04167,0.54167,0.04167:-1.0,0.0,-0.89474,0.0,-0.78947,0.0,-0.68421,0.0,-0.57895,0.0,-0.47368,0.0,-0.36842,0.0,-0.26316,0.0,-0.15789,0.0,-0.05263,0.0,0.05263,0.0,0.15789,0.0,0.26316,0.0,0.36842,0.0,0.47368,0.0,0.57895,0.0,0.68421,0.0,0.78947,0.0,0.89474,0.0,1.0,0.0
lp:0.54167,0.20833,0.52851,0.20833,0.51535,0.20833,0.50219,0.20833,0.48904,0.20833,0.47588,0.20833,0.46272,0.20833,0.44956,0.20833,0.4364,0.20833,0.42325,0.20833,0.41009,0.20833,0.39693,0.20833,0.38377,0.20833,0.37061,0.20833,0.35746,0.20833,0.3443,0.20833,0.33114,0.20833,0.31798,0.20833,0.30482,0.20833,0.29167,0.20833:1.0,0.0,0.89474,0.0,0.78947,0.0,0.68421,0.0,0.57895,0.0,0.47368,0.0,0.36842,0.0,0.26316,0.0,0.15789,0.0,0.05263,0.0,-0.05263,0.0,-0.15789,0.0,-0.26316,0.0,-0.36842,0.0,-0.47368,0.0,-0.57895,0.0,-0.68421,0.0,-0.78947,0.0,-0.89474,0.0,-1.0,0.0
peer:0.29167,0.20833,0.29998,0.19172,0.30828,0.1751,0.31659,0.15848,0.3249,0.14186,0.33321,0.12524,0.34152,0.10863,0.34983,0.09201,0.35814,0.07539,0.36645,0.05877,0.37476,0.04216,0.39303,0.04167,0.41161,0.04167,0.43019,0.04167,0.44877,0.04167,0.46735,0.04167,0.48593,0.04167,0.50451,0.04167,0.52309,0.04167,0.54167,0.04167:-1.0,0.66667,-0.93353,0.53372,-0.86706,0.40078,-0.80059,0.26784,-0.73412,0.1349,-0.66764,0.00196,-0.60117,-0.13099,-0.5347,-0.26393,-0.46823,-0.39687,-0.40176,-0.52981,-0.33529,-0.66276,-0.18907,-0.66667,-0.04044,-0.66667,0.1082,-0.66667,0.25683,-0.66667,0.40546,-0.66667,0.5541,-0.66667,0.70273,-0.66667,0.85137,-0.66667,1.0,-0.66667
er:0.375,0.04167,0.38377,0.04167,0.39254,0.04167,0.40132,0.04167,0.41009,0.04167,0.41886,0.04167,0.42763,0.04167,0.4364,0.04167,0.44518,0.04167,0.45395,0.04167,0.46272,0.04167,0.47149,0.04167,0.48026,0.04167,0.48904,0.04167,0.49781,0.04167,0.50658,0.04167,0.51535,0.04167,0.52412,0.04167,0.53289,0.04167,0.54167,0.04167:-1.0,0.0,-0.89474,0.0,-0.78947,0.0,-0.68421,0.0,-0.57895,0.0,-0.47368,0.0,-0.36842,0.0,-0.26316,0.0,-0.15789,0.0,-0.05263,0.0,0.05263,0.0,0.15789,0.0,0.26316,0.0,0.36842,0.0,0.47368,0.0,0.57895,0.0,0.68421,0.0,0.78947,0.0,0.89474,0.0,1.0,0.0
pipe:0.29167,0.20833,0.31902,0.20833,0.34637,0.20833,0.37372,0.20833,0.40107,0.20833,0.42842,0.20833,0.45577,0.20833,0.43354,0.20833,0.40619,0.20833,0.37884,0.20833,0.35149,0.20833,0.32414,0.20833,0.29679,0.20833,0.30161,0.18845,0.31384,0.16398,0.32607,0.13952,0.3383,0.11506,0.35054,0.09059,0.36277,0.06613,0.375,0.04167:-0.98464,1.0,-0.65643,1.0,-0.32821,1.0,-0.0,1.0,0.32821,1.0,0.65643,1.0,0.98464,1.0,0.71786,1.0,0.38964,1.0,0.06143,1.0,-0.26678,1.0,-0.595,1.0,-0.92321,1.0,-0.86533,0.76138,-0.71855,0.46782,-0.57177,0.17425,-0.42499,-0.11931,-0.27821,-0.41287,-0.13142,-0.70644,0.01536,-1.0
ill:0.45833,0.20833,0.46272,0.20833,0.46711,0.20833,0.47149,0.20833,0.47588,0.20833,0.48026,0.20833,0.48465,0.20833,0.48904,0.20833,0.49342,0.20833,0.49781,0.20833,0.50219,0.20833,0.50658,0.20833,0.51096,0.20833,0.51535,0.20833,0.51974,0.20833,0.52412,0.20833,0.52851,0.20833,0.53289,0.20833,0.53728,0.20833,0.54167,0.20833:-1.0,0.0,-0.89474,0.0,-0.78947,0.0,-0.68421,0.0,-0.57895,0.0,-0.47368,0.0,-0.36842,0.0,-0.26316,0.0,-0.15789,0.0,-0.05263,0.0,0.05263,0.0,0.15789,0.0,0.26316,0.0,0.36842,0.0,0.47368,0.0,0.57895,0.0,0.68421,0.0,0.78947,0.0,0.89474,0.0,1.0,0.0
li:0.54167,0.20833,0.53728,0.20833,0.53289,0.20833,0.52851,0.20833,0.52412,0.20833,0.51974,0.20833,0.51535,0.20833,0.51096,0.20833,0.50658,0.20833,0.50219,0.20833,0.49781,0.20833,0.49342,0.20833,0.48904,0.20833,0.48465,0.20833,0.48026,0.20833,0.47588,0.20833,0.47149,0.20833,0.46711,0.20833,0.46272,0.20833,0.45833,0.20833:1.0,0.0,0.89474,0.0,0.78947,0.0,0.68421,0.0,0.57895,0.0,0.47368,0.0,0.36842,0.0,0.26316,0.0,0.15789,0.0,0.05263,0.0,-0.05263,0.0,-0.15789,0.0,-0.26316,0.0,-0.36842,0.0,-0.47368,0.0,-0.57895,0.0,-0.68421,0.0,-0.78947,0.0,-0.89474,0.0,-1.0,0.0
phil:0.29167,0.20833,0.30482,0.20833,0.31798,0.20833,0.33114,0.20833,0.3443,0.20833,0.35746,0.20833,0.37061,0.20833,0.38377,0.20833,0.39693,0.20833,0.41009,0.20833,0.42325,0.20833,0.4364,0.20833,0.44956,0.20833,0.46272,0.20833,0.47588,0.20833,0.48904,0.20833,0.50219,0.20833,0.51535,0.20833,0.52851,0.20833,0.54167,0.20833:-1.0,0.0,-0.89474,0.0,-0.78947,0.0,-0.68421,0.0,-0.57895,0.0,-0.47368,0.0,-0.36842,0.0,-0.26316,0.0,-0.15789,0.0,-0.05263,0.0,0.05263,0.0,0.15789,0.0,0.26316,0.0,0.36842,0.0,0.47368,0.0,0.57895,0.0,0.68421,0.0,0.78947,0.0,0.89474,0.0,1.0,0.0
rep:0.54167,0.04167,0.52309,0.04167,0.50451,0.04167,0.48593,0.04167,0.46735,0.04167,0.44877,0.04167,0.43019,0.04167,0.41161,0.04167,0.39303,0.04167,0.37476,0.04216,0.36645,0.05877,0.35814,0.07539,0.34983,0.09201,0.34152,0.10863,0.33321,0.12524,0.3249,0.14186,0.31659,0.15848,0.30828,0.1751,0.29998,0.19172,0.29167,0.20833:1.0,-0.66667,0.85137,-0.66667,0.70273,-0.66667,0.5541,-0.66667,0.40546,-0.66667,0.25683,-0.66667,0.1082,-0.66667,-0.04044,-0.66667,-0.18907,-0.66667,-0.33529,-0.66276,-0.40176,-0.52981,-0.46823,-0.39687,-0.5347,-0.26393,-0.60117,-0.13099,-0.66764,0.00196,-0.73412,0.1349,-0.80059,0.26784,-0.86706,0.40078,-0.93353,0.53372,-1.0,0.66667
ri:0.54167,0.04167,0.53728,0.05044,0.53289,0.05921,0.52851,0.06798,0.52412,0.07675,0.51974,0.08553,0.51535,0.0943,0.51096,0.10307,0.50658,0.11184,0.50219,0.12061,0.49781,0.12939,0.49342,0.13816,0.48904,0.14693,0.48465,0.1557,0.48026,0.16447,0.47588,0.17325,0.47149,0.18202,0.46711,0.19079,0.46272,0.19956,0.45833,0.20833:0.5,-1.0,0.44737,-0.89474,0.39474,-0.78947,0.34211,-0.68421,0.28947,-0.57895,0.23684,-0.47368,0.18421,-0.36842,0.13158,-0.26316,0.07895,-0.15789,0.02632,-0.05263,-0.02632,0.05263,-0.07895,0.15789,-0.13158,0.26316,-0.18421,0.36842,-0.23684,0.47368,-0.28947,0.57895,-0.34211,0.68421,-0.39474,0.78947,-0.44737,0.89474,-0.5,1.0
pl:0.29167,0.20833,0.30482,0.20833,0.31798,0.20833,0.33114,0.20833,0.3443,0.20833,0.35746,0.20833,0.37061,0.20833,0.38377,0.20833,0.39693,0.20833,0.41009,0.20833,0.42325,0.20833,0.4364,0.20833,0.44956,0.20833,0.46272,0.20833,0.47588,0.20833,0.48904,0.20833,0.50219,0.20833,0.51535,0.20833,0.52851,0.20833,0.54167,0.20833:-1.0,0.0,-0.89474,0.0,-0.78947,0.0,-0.68421,0.0,-0.57895,0.0,-0.47368,0.0,-0.36842,0.0,-0.26316,0.0,-0.15789,0.0,-0.05263,0.0,0.05263,0.0,0.15789,0.0,0.26316,0.0,0.36842,0.0,0.47368,0.0,0.57895,0.0,0.68421,0.0,0.78947,0.0,0.89474,0.0,1.0,0.0
lie:0.54167,0.20833,0.52747,0.20833,0.51328,0.20833,0.49909,0.20833,0.48489,0.20833,0.4707,0.20833,0.45752,0.2067,0.45117,0.194,0.44482,0.18131,0.43847,0.16862,0.43213,0.15592,0.42578,0.14323,0.41943,0.13053,0.41308,0.11784,0.40674,0.10514,0.40039,0.09245,0.39404,0.07975,0.38769,0.06706,0.38135,0.05436,0.375,0.04167:1.0,1.0,0.82968,1.0,0.65936,1.0,0.48904,1.0,0.31872,1.0,0.1484,1.0,-0.0098,0.9804,-0.08597,0.82806,-0.16214,0.67572,-0.23831,0.52338,-0.31448,0.37104,-0.39065,0.21871,-0.46682,0.06637,-0.54299,-0.08597,-0.61915,-0.23831,-0.69532,-0.39065,-0.77149,-0.54299,-0.84766,-0.69532,-0.92383,-0.84766,-1.0,-1.0
bi:0.45833,0.04167,0.45833,0.05044,0.45833,0.05921,0.45833,0.06798,0.45833,0.07675,0.45833,0.08553,0.45833,0.0943,0.45833,0.10307,0.45833,0.11184,0.45833,0.12061,0.45833,0.12939,0.45833,0.13816,0.45833,0.14693,0.45833,0.1557,0.45833,0.16447,0.45833,0.17325,0.45833,0.18202,0.45833,0.19079,0.45833,0.19956,0.45833,0.20833:0.0,-1.0,0.0,-0.89474,0.0,-0.78947,0.0,-0.68421,0.0,-0.57895,0.0,-0.47368,0.0,-0.36842,0.0,-0.26316,0.0,-0.15789,0.0,-0.05263,0.0,0.05263,0.0,0.15789,0.0,0.26316,0.0,0.36842,0.0,0.47368,0.0,0.57895,0.0,0.68421,0.0,0.78947,0.0,0.89474,0.0,1.0
pee:0.29167,0.20833,0.29605,0.19956,0.30044,0.19079,0.30482,0.18202,0.30921,0.17325,0.3136,0.16447,0.31798,0.1557,0.32237,0.14693,0.32675,0.13816,0.33114,0.12939,0.33553,0.12061,0.33991,0.11184,0.3443,0.10307,0.34868,0.0943,0.35307,0.08553,0.35746,0.07675,0.36184,0.06798,0.36623,0.05921,0.37061,0.05044,0.375,0.04167:-0.5,1.0,-0.44737,0.89474,-0.39474,0.78947,-0.34211,0.68421,-0.28947,0.57895,-0.23684,0.47368,-0.18421,0.36842,-0.13158,0.26316,-0.07895,0.15789,-0.02632,0.05263,0.02632,-0.05263,0.07895,-0.15789,0.13158,-0.26316,0.18421,-0.36842,0.23684,-0.47368,0.28947,-0.57895,0.34211,-0.68421,0.39474,-0.78947,0.44737,-0.89474,0.5,-1.0
pill:0.29167,0.20833,0.30482,0.20833,0.31798,0.20833,0.33114,0.20833,0.3443,0.20833,0.35746,0.20833,0.37061,0.20833,0.38377,0.20833,0.39693,0.20833,0.41009,0.20833,0.42325,0.20833,0.4364,0.20833,0.44956,0.20833,0.46272,0.20833,0.47588,0.20833,0.48904,0.20833,0.50219,0.20833,0.51535,0.20833,0.52851,0.20833,0.54167,0.20833:-1.0,0.0,-0.89474,0.0,-0.78947,0.0,-0.68421,0.0,-0.57895,0.0,-0.47368,0.0,-0.36842,0.0,-0.26316,0.0,-0.15789,0.0,-0.05263,0.0,0.05263,0.0,0.15789,0.0,0.26316,0.0,0.36842,0.0,0.47368,0.0,0.57895,0.0,0.68421,0.0,0.78947,0.0,0.89474,0.0,1.0,0.0
philip:0.29167,0.20833,0.31798,0.20833,0.3443,0.20833,0.37061,0.20833,0.39693,0.20833,0.42325,0.20833,0.44956,0.20833,0.47588,0.20833,0.50219,0.20833,0.52851,0.20833,0.52851,0.20833,0.50219,0.20833,0.47588,0.20833,0.44956,0.20833,0.42325,0.20833,0.39693,0.20833,0.37061,0.20833,0.3443,0.20833,0.31798,0.20833,0.29167,0.20833:-1.0,0.0,-0.77778,0.0,-0.55556,0.0,-0.33333,0.0,-0.11111,0.0,0.11111,0.0,0.33333,0.0,0.55556,0.0,0.77778,0.0,1.0,0.0,1.0,0.0,0.77778,0.0,0.55556,0.0,0.33333,0.0,0.11111,0.0,-0.11111,0.0,-0.33333,0.0,-0.55556,0.0,-0.77778,0.0,-1.0,0.0
ieee:0.45833,0.20833,0.45395,0.19956,0.44956,0.19079,0.44518,0.18202,0.44079,0.17325,0.4364,0.16447,0.43202,0.1557,0.42763,0.14693,0.42325,0.13816,0.41886,0.12939,0.41447,0.12061,0.41009,0.11184,0.4057,0.10307,0.40132,0.0943,0.39693,0.08553,0.39254,0.07675,0.38816,0.06798,0.38377,0.05921,0.37939,0.05044,0.375,0.04167:0.5,1.0,0.44737,0.89474,0.39474,0.78947,0.34211,0.68421,0.28947,0.57895,0.23684,0.47368,0.18421,0.36842,0.13158,0.26316,0.07895,0.15789,0.02632,0.05263,-0.02632,-0.05263,-0.07895,-0.15789,-0.13158,-0.26316,-0.18421,-0.36842,-0.23684,-0.47368,-0.28947,-0.57895,-0.34211,-0.68421,-0.39474,-0.78947,-0.44737,-0.89474,-0.5,-1.0
pi:0.29167,0.20833,0.30044,0.20833,0.30921,0.20833,0.31798,0.20833,0.32675,0.20833,0.33553,0.20833,0.3443,0.20833,0.35307,0.20833,0.36184,0.20833,0.37061,0.20833,0.37939,0.20833,0.38816,0.20833,0.39693,0.20833,0.4057,0.20833,0.41447,0.20833,0.42325,0.20833,0.43202,0.20833,0.44079,0.20833,0.44956,0.20833,0.45833,0.20833:-1.0,0.0,-0.89474,0.0,-0.78947,0.0,-0.68421,0.0,-0.57895,0.0,-0.47368,0.0,-0.36842,0.0,-0.26316,0.0,-0.15789,0.0,-0.05263,0.0,0.05263,0.0,0.15789,0.0,0.26316,0.0,0.36842,0.0,0.47368,0.0,0.57895,0.0,0.68421,0.0,0.78947,0.0,0.89474,0.0,1.0,0.0
pe:0.29167,0.20833,0.29605,0.19956,0.30044,0.19079,0.30482,0.18202,0.30921,0.17325,0.3136,0.16447,0.31798,0.1557,0.32237,0.14693,0.32675,0.13816,0.33114,0.12939,0.33553,0.12061,0.33991,0.11184,0.3443,0.10307,0.34868,0.0943,0.35307,0.08553,0.35746,0.07675,0.36184,0.06798,0.36623,0.05921,0.37061,0.05044,0.375,0.04167:-0.5,1.0,-0.44737,0.89474,-0.39474,0.78947,-0.34211,0.68421,-0.28947,0.57895,-0.23684,0.47368,-0.18421,0.36842,-0.13158,0.26316,-0.07895,0.15789,-0.02632,0.05263,0.02632,-0.05263,0.07895,-0.15789,0.13158,-0.26316,0.18421,-0.36842,0.23684,-0.47368,0.28947,-0.57895,0.34211,-0.68421,0.39474,-0.78947,0.44737,-0.89474,0.5,-1.0
ep:0.375,0.04167,0.37061,0.05044,0.36623,0.05921,0.36184,0.06798,0.35746,0.07675,0.35307,0.08553,0.34868,0.0943,0.3443,0.10307,0.33991,0.11184,0.33553,0.12061,0.33114,0.12939,0.32675,0.13816,0.32237,0.14693,0.31798,0.1557,0.3136,0.16447,0.30921,0.17325,0.30482,0.18202,0.30044,0.19079,0.29605,0.19956,0.29167,0.20833:0.5,-1.0,0.44737,-0.89474,0.39474,-0.78947,0.34211,-0.68421,0.28947,-0.57895,0.23684,-0.47368,0.18421,-0.36842,0.13158,-0.26316,0.07895,-0.15789,0.02632,-0.05263,-0.02632,0.05263,-0.07895,0.15789,-0.13158,0.26316,-0.18421,0.36842,-0.23684,0.47368,-0.28947,0.57895,-0.34211,0.68421,-0.39474,0.78947,-0.44737,0.89474,-0.5,1.0
lb:0.54167,0.20833,0.53728,0.19956,0.53289,0.19079,0.52851,0.18202,0.52412,0.17325,0.51974,0.16447,0.51535,0.1557,0.51096,0.14693,0.50658,0.13816,0.50219,0.12939,0.49781,0.12061,0.49342,0.11184,0.48904,0.10307,0.48465,0.0943,0.48026,0.08553,0.47588,0.07675,0.47149,0.06798,0.46711,0.05921,0.46272,0.05044,0.45833,0.04167:0.5,1.0,0.44737,0.89474,0.39474,0.78947,0.34211,0.68421,0.28947,0.57895,0.23684,0.47368,0.18421,0.36842,0.13158,0.26316,0.07895,0.15789,0.02632,0.05263,-0.02632,-0.05263,-0.07895,-0.15789,-0.13158,-0.26316,-0.18421,-0.36842,-0.23684,-0.47368,-0.28947,-0.57895,-0.34211,-0.68421,-0.39474,-0.78947,-0.44737,-0.89474,-0.5,-1.0
pierre:0.29167,0.20833,0.32779,0.20833,0.36391,0.20833,0.40004,0.20833,0.43616,0.20833,0.4521,0.19586,0.43594,0.16355,0.41979,0.13124,0.40363,0.09893,0.38748,0.06662,0.38323,0.04167,0.41935,0.04167,0.45547,0.04167,0.49159,0.04167,0.52772,0.04167,0.51949,0.04167,0.48337,0.04167,0.44725,0.04167,0.41112,0.04167,0.375,0.04167:-1.0,0.70606,-0.69394,0.70606,-0.38788,0.70606,-0.08181,0.70606,0.22425,0.70606,0.35927,0.60035,0.22239,0.3266,0.08552,0.05285,-0.05136,-0.2209,-0.18823,-0.49465,-0.22425,-0.70606,0.08181,-0.70606,0.38788,-0.70606,0.69394,-0.70606,1.0,-0.70606,0.93031,-0.70606,0.62425,-0.70606,0.31819,-0.70606,0.01212,-0.70606,-0.29394,-0.70606
hb:0.375,0.20833,0.37939,0.19956,0.38377,0.19079,0.38816,0.18202,0.39254,0.17325,0.39693,0.16447,0.40132,0.1557,0.4057,0.14693,0.41009,0.13816,0.41447,0.12939,0.41886,0.12061,0.42325,0.11184,0.42763,0.10307,0.43202,0.0943,0.4364,0.08553,0.44079,0.07675,0.44518,0.06798,0.44956,0.05921,0.45395,0.05044,0.45833,0.04167:-0.5,1.0,-0.44737,0.89474,-0.39474,0.78947,-0.34211,0.68421,-0.28947,0.57895,-0.23684,0.47368,-0.18421,0.36842,-0.13158,0.26316,-0.07895,0.15789,-0.02632,0.05263,0.02632,-0.05263,0.07895,-0.15789,0.13158,-0.26316,0.18421,-0.36842,0.23684,-0.47368,0.28947,-0.57895,0.34211,-0.68421,0.39474,-0.78947,0.44737,-0.89474,0.5,-1.0
ir:0.45833,0.20833,0.46272,0.19956,0.46711,0.19079,0.47149,0.18202,0.47588,0.17325,0.48026,0.16447,0.48465,0.1557,0.48904,0.14693,0.49342,0.13816,0.49781,0.12939,0.50219,0.12061,0.50658,0.11184,0.51096,0.10307,0.51535,0.0943,0.51974,0.08553,0.52412,0.07675,0.52851,0.06798,0.53289,0.05921,0.53728,0.05044,0.54167,0.04167:-0.5,1.0,-0.44737,0.89474,-0.39474,0.78947,-0.34211,0.68421,-0.28947,0.57895,-0.23684,0.47368,-0.18421,0.36842,-0.13158,0.26316,-0.07895,0.15789,-0.02632,0.05263,0.02632,-0.05263,0.07895,-0.15789,0.13158,-0.26316,0.18421,-0.36842,0.23684,-0.47368,0.28947,-0.57895,0.34211,-0.68421,0.39474,-0.78947,0.44737,-0.89474,0.5,-1.0
bp:0.45833,0.04167,0.44956,0.05044,0.44079,0.05921,0.43202,0.06798,0.42325,0.07675,0.41447,0.08553,0.4057,0.0943,0.39693,0.10307,0.38816,0.11184,0.37939,0.12061,0.37061,0.12939,0.36184,0.13816,0.35307,0.14693,0.3443,0.1557,0.33553,0.16447,0.32675,0.17325,0.31798,0.18202,0.30921,0.19079,0.30044,0.19956,0.29167,0.20833:1.0,-1.0,0.89474,-0.89474,0.78947,-0.78947,0.68421,-0.68421,0.57895,-0.57895,0.47368,-0.47368,0.36842,-0.36842,0.26316,-0.26316,0.15789,-0.15789,0.05263,-0.05263,-0.05263,0.05263,-0.15789,0.15789,-0.26316,0.26316,-0.36842,0.36842,-0.47368,0.47368,-0.57895,0.57895,-0.68421,0.68421,-0.78947,0.78947,-0.89474,0.89474,-1.0,1.0
pepper:0.29167,0.20833,0.30875,0.17417,0.32583,0.14001,0.34291,0.10585,0.35999,0.07169,0.37293,0.04581,0.35585,0.07997,0.33877,0.11413,0.32169,0.14829,0.30461,0.18245,0.29581,0.20005,0.31289,0.16589,0.32997,0.13173,0.34705,0.09757,0.36413,0.0634,0.38889,0.04167,0.42709,0.04167,0.46528,0.04167,0.50347,0.04167,0.54167,0.04167:-1.0,0.66667,-0.86335,0.39337,-0.72671,0.12008,-0.59006,-0.15321,-0.45341,-0.42651,-0.3499,-0.63353,-0.48655,-0.36024,-0.62319,-0.08695,-0.75984,0.18635,-0.89649,0.45964,-0.96687,0.6004,-0.83022,0.32711,-0.69357,0.05382,-0.55693,-0.21948,-0.42028,-0.49277,-0.2222,-0.66667,0.08335,-0.66667,0.3889,-0.66667,0.69445,-0.66667,1.0,-0.66667
pie:0.29167,0.20833,0.31025,0.20833,0.32883,0.20833,0.3474,0.20833,0.36598,0.20833,0.38456,0.20833,0.40314,0.20833,0.42172,0.20833,0.4403,0.20833,0.45809,0.20784,0.44978,0.19123,0.44147,0.17461,0.43316,0.15799,0.42485,0.14137,0.41654,0.12476,0.40824,0.10814,0.39993,0.09152,0.39162,0.0749,0.38331,0.05828,0.375,0.04167:-0.99853,1.0,-0.77558,1.0,-0.55263,1.0,-0.32968,1.0,-0.10673,1.0,0.11622,1.0,0.33917,1.0,0.56212,1.0,0.78507,1.0,0.99853,0.99413,0.89883,0.79472,0.79912,0.59531,0.69941,0.39589,0.59971,0.19648,0.5,-0.00293,0.40029,-0.20235,0.30059,-0.40176,0.20088,-0.60117,0.10117,-0.80059,0.00147,-1.0
phpbb:0.29167,0.20833,0.31284,0.20833,0.33402,0.20833,0.3552,0.20833,0.37362,0.20833,0.35245,0.20833,0.33127,0.20833,0.31009,0.20833,0.29361,0.20639,0.30859,0.19141,0.32356,0.17644,0.33854,0.16146,0.35351,0.14649,0.36849,0.13151,0.38346,0.11654,0.39843,0.10157,0.41341,0.08659,0.42838,0.07162,0.44336,0.05664,0.45833,0.04167:-1.0,1.0,-0.74587,1.0,-0.49174,1.0,-0.23762,1.0,-0.01651,1.0,-0.27064,1.0,-0.52477,1.0,-0.77889,1.0,-0.97665,0.97665,-0.79695,0.79695,-0.61726,0.61726,-0.43756,0.43756,-0.25787,0.25787,-0.07817,0.07817,0.10152,-0.10152,0.28122,-0.28122,0.46091,-0.46091,0.64061,-0.64061,0.8203,-0.8203,1.0,-1.0
lil:0.54167,0.20833,0.53289,0.20833,0.52412,0.20833,0.51535,0.20833,0.50658,0.20833,0.49781,0.20833,0.48904,0.20833,0.48026,0.20833,0.47149,0.20833,0.46272,0.20833,0.46272,0.20833,0.47149,0.20833,0.48026,0.20833,0.48904,0.20833,0.49781,0.20833,0.50658,0.20833,0.51535,0.20833,0.52412,0.20833,0.53289,0.20833,0.54167,0.20833:1.0,0.0,0.77778,0.0,0.55556,0.0,0.33333,0.0,0.11111,0.0,-0.11111,0.0,-0.33333,0.0,-0.55556,0.0,-0.77778,0.0,-1.0,0.0,-1.0,0.0,-0.77778,0.0,-0.55556,0.0,-0.33333,0.0,-0.11111,0.0,0.11111,0.0,0.33333,0.0,0.55556,0.0,0.77778,0.0,1.0,0.0
ripe:0.54167,0.04167,0.52897,0.06706,0.51628,0.09245,0.50358,0.11784,0.49089,0.14323,0.47819,0.16862,0.4655,0.194,0.44597,0.20833,0.41758,0.20833,0.38919,0.20833,0.36081,0.20833,0.33242,0.20833,0.30403,0.20833,0.29883,0.194,0.31153,0.16862,0.32422,0.14323,0.33692,0.11784,0.34961,0.09245,0.36231,0.06706,0.375,0.04167:1.0,-0.68633,0.89544,-0.47722,0.79089,-0.26811,0.68633,-0.059,0.58178,0.15011,0.47722,0.35922,0.37267,0.56833,0.21181,0.68633,-0.02198,0.68633,-0.25577,0.68633,-0.48957,0.68633,-0.72336,0.68633,-0.95715,0.68633,-1.0,0.56833,-0.89544,0.35922,-0.79089,0.15011,-0.68633,-0.059,-0.58178,-0.26811,-0.47722,-0.47722,-0.37267,-0.68633
hebrew:0.375,0.20833,0.375,0.17763,0.375,0.14693,0.375,0.11623,0.375,0.08553,0.375,0.05482,0.39254,0.04167,0.42325,0.04167,0.45395,0.04167,0.48465,0.04167,0.51535,0.04167,0.53728,0.04167,0.50658,0.04167,0.47588,0.04167,0.44518,0.04167,0.41447,0.04167,0.38377,0.04167,0.35307,0.04167,0.32237,0.04167,0.29167,0.04167:-0.32143,0.67857,-0.32143,0.42857,-0.32143,0.17857,-0.32143,-0.07143,-0.32143,-0.32143,-0.32143,-0.57143,-0.17857,-0.67857,0.07143,-0.67857,0.32143,-0.67857,0.57143,-0.67857,0.82143,-0.67857,1.0,-0.67857,0.75,-0.67857,0.5,-0.67857,0.25,-0.67857,0.0,-0.67857,-0.25,-0.67857,-0.5,-0.67857,-0.75,-0.67857,-1.0,-0.67857
bee:0.45833,0.04167,0.45395,0.04167,0.44956,0.04167,0.44518,0.04167,0.44079,0.04167,0.4364,0.04167,0.43202,0.04167,0.42763,0.04167,0.42325,0.04167,0.41886,0.04167,0.41447,0.04167,0.41009,0.04167,0.4057,0.04167,0.40132,0.04167,0.39693,0.04167,0.39254,0.04167,0.38816,0.04167,0.38377,0.04167,0.37939,0.04167,0.375,0.04167:1.0,0.0,0.89474,0.0,0.78947,0.0,0.68421,0.0,0.57895,0.0,0.47368,0.0,0.36842,0.0,0.26316,0.0,0.15789,0.0,0.05263,0.0,-0.05263,0.0,-0.15789,0.0,-0.26316,0.0,-0.36842,0.0,-0.47368,0.0,-0.57895,0.0,-0.68421,0.0,-0.78947,0.0,-0.89474,0.0,-1.0,0.0
prep:0.29167,0.20833,0.32028,0.18926,0.3489,0.17018,0.37752,0.1511,0.40613,0.13202,0.43475,0.11294,0.46337,0.09387,0.49198,0.07479,0.5206,0.05571,0.53259,0.04167,0.4982,0.04167,0.46381,0.04167,0.42941,0.04167,0.39502,0.04167,0.36857,0.05452,0.35319,0.08528,0.33781,0.11605,0.32243,0.14681,0.30705,0.17757,0.29167,0.20833:-1.0,0.69178,-0.76244,0.53341,-0.52489,0.37503,-0.28733,0.21666,-0.04977,0.05829,0.18779,-0.10008,0.42534,-0.25845,0.6629,-0.41682,0.90046,-0.57519,1.0,-0.69178,0.71449,-0.69178,0.42898,-0.69178,0.14347,-0.69178,-0.14203,-0.69178,-0.36158,-0.58505,-0.48927,-0.32969,-0.61695,-0.07432,-0.74463,0.18105,-0.87232,0.43641,-1.0,0.69178
pb:0.29167,0.20833,0.30044,0.19956,0.30921,0.19079,0.31798,0.18202,0.32675,0.17325,0.33553,0.16447,0.3443,0.1557,0.35307,0.14693,0.36184,0.13816,0.37061,0.12939,0.37939,0.12061,0.38816,0.11184,0.39693,0.10307,0.4057,0.0943,0.41447,0.08553,0.42325,0.07675,0.43202,0.06798,0.44079,0.05921,0.44956,0.05044,0.45833,0.04167:-1.0,1.0,-0.89474,0.89474,-0.78947,0.78947,-0.68421,0.68421,-0.57895,0.57895,-0.47368,0.47368,-0.36842,0.36842,-0.26316,0.26316,-0.15789,0.15789,-0.05263,0.05263,0.05263,-0.05263,0.15789,-0.15789,0.26316,-0.26316,0.36842,-0.36842,0.47368,-0.47368,0.57895,-0.57895,0.68421,-0.68421,0.78947,-0.78947,0.89474,-0.89474,1.0,-1.0
phi:0.29167,0.20833,0.30044,0.20833,0.30921,0.20833,0.31798,0.20833,0.32675,0.20833,0.33553,0.20833,0.3443,0.20833,0.35307,0.20833,0.36184,0.20833,0.37061,0.20833,0.37939,0.20833,0.38816,0.20833,0.39693,0.20833,0.4057,0.20833,0.41447,0.20833,0.42325,0.20833,0.43202,0.20833,0.44079,0.20833,0.44956,0.20833,0.45833,0.20833:-1.0,0.0,-0.89474,0.0,-0.78947,0.0,-0.68421,0.0,-0.57895,0.0,-0.47368,0.0,-0.36842,0.0,-0.26316,0.0,-0.15789,0.0,-0.05263,0.0,0.05263,0.0,0.15789,0.0,0.26316,0.0,0.36842,0.0,0.47368,0.0,0.57895,0.0,0.68421,0.0,0.78947,0.0,0.89474,0.0,1.0,0.0
rip:0.54167,0.04167,0.53336,0.05828,0.52505,0.0749,0.51674,0.09152,0.50843,0.10814,0.50012,0.12476,0.49181,0.14137,0.4835,0.15799,0.4752,0.17461,0.46689,0.19123,0.45858,0.20784,0.4403,0.20833,0.42172,0.20833,0.40314,0.20833,0.38456,0.20833,0.36598,0.20833,0.3474,0.20833,0.32883,0.20833,0.31025,0.20833,0.29167,0.20833:1.0,-0.66667,0.93353,-0.53372,0.86706,-0.40078,0.80059,-0.26784,0.73412,-0.1349,0.66764,-0.00196,0.60117,0.13099,0.5347,0.26393,0.46823,0.39687,0.40176,0.52981,0.33529,0.66276,0.18907,0.66667,0.04044,0.66667,-0.1082,0.66667,-0.25683,0.66667,-0.40546,0.66667,-0.5541,0.66667,-0.70273,0.66667,-0.85137,0.66667,-1.0,0.66667
lip:0.54167,0.20833,0.52851,0.20833,0.51535,0.20833,0.50219,0.20833,0.48904,0.20833,0.47588,0.20833,0.46272,0.20833,0.44956,0.20833,0.4364,0.20833,0.42325,0.20833,0.41009,0.20833,0.39693,0.20833,0.38377,0.20833,0.37061,0.20833,0.35746,0.20833,0.3443,0.20833,0.33114,0.20833,0.31798,0.20833,0.30482,0.20833,0.29167,0.20833:1.0,0.0,0.89474,0.0,0.78947,0.0,0.68421,0.0,0.57895,0.0,0.47368,0.0,0.36842,0.0,0.26316,0.0,0.15789,0.0,0.05263,0.0,-0.05263,0.0,-0.15789,0.0,-0.26316,0.0,-0.36842,0.0,-0.47368,0.0,-0.57895,0.0,-0.68421,0.0,-0.78947,0.0,-0.89474,0.0,-1.0,0.0
rh:0.54167,0.04167,0.53289,0.05044,0.52412,0.05921,0.51535,0.06798,0.50658,0.07675,0.49781,0.08553,0.48904,0.0943,0.48026,0.10307,0.47149,0.11184,0.46272,0.12061,0.45395,0.12939,0.44518,0.13816,0.4364,0.14693,0.42763,0.1557,0.41886,0.16447,0.41009,0.17325,0.40132,0.18202,0.39254,0.19079,0.38377,0.19956,0.375,0.20833:1.0,-1.0,0.89474,-0.89474,0.78947,-0.78947,0.68421,-0.68421,0.57895,-0.57895,0.47368,-0.47368,0.36842,-0.36842,0.26316,-0.26316,0.15789,-0.15789,0.05263,-0.05263,-0.05263,0.05263,-0.15789,0.15789,-0.26316,0.26316,-0.36842,0.36842,-0.47368,0.47368,-0.57895,0.57895,-0.68421,0.68421,-0.78947,0.78947,-0.89474,0.89474,-1.0,1.0
rrp:0.54167,0.04167,0.52851,0.05044,0.51535,0.05921,0.50219,0.06798,0.48904,0.07675,0.47588,0.08553,0.46272,0.0943,0.44956,0.10307,0.4364,0.11184,0.42325,0.12061,0.41009,0.12939,0.39693,0.13816,0.38377,0.14693,0.37061,0.1557,0.35746,0.16447,0.3443,0.17325,0.33114,0.18202,0.31798,0.19079,0.30482,0.19956,0.29167,0.20833:1.0,-0.66667,0.89474,-0.59649,0.78947,-0.52632,0.68421,-0.45614,0.57895,-0.38596,0.47368,-0.31579,0.36842,-0.24561,0.26316,-0.17544,0.15789,-0.10526,0.05263,-0.03509,-0.05263,0.03509,-0.15789,0.10526,-0.26316,0.17544,-0.36842,0.24561,-0.47368,0.31579,-0.57895,0.38596,-0.68421,0.45614,-0.78947,0.52632,-0.89474,0.59649,-1.0,0.66667
wp:0.29167,0.04167,0.29167,0.05044,0.29167,0.05921,0.29167,0.06798,0.29167,0.07675,0.29167,0.08553,0.29167,0.0943,0.29167,0.10307,0.29167,0.11184,0.29167,0.12061,0.29167,0.12939,0.29167,0.13816,0.29167,0.14693,0.29167,0.1557,0.29167,0.16447,0.29167,0.17325,0.29167,0.18202,0.29167,0.19079,0.29167,0.19956,0.29167,0.20833:0.0,-1.0,0.0,-0.89474,0.0,-0.78947,0.0,-0.68421,0.0,-0.57895,0.0,-0.47368,0.0,-0.36842,0.0,-0.26316,0.0,-0.15789,0.0,-0.05263,0.0,0.05263,0.0,0.15789,0.0,0.26316,0.0,0.36842,0.0,0.47368,0.0,0.57895,0.0,0.68421,0.0,0.78947,0.0,0.89474,0.0,1.0
reel:0.54167,0.04167,0.52049,0.04167,0.49931,0.04167,0.47813,0.04167,0.45696,0.04167,0.43578,0.04167,0.4146,0.04167,0.39343,0.04167,0.37695,0.04361,0.39192,0.05859,0.4069,0.07356,0.42187,0.08854,0.43684,0.10351,0.45182,0.11849,0.46679,0.13346,0.48177,0.14843,0.49674,0.16341,0.51172,0.17838,0.52669,0.19336,0.54167,0.20833:0.98832,-1.0,0.7342,-1.0,0.48007,-1.0,0.22594,-1.0,-0.02819,-1.0,-0.28231,-1.0,-0.53644,-1.0,-0.79057,-1.0,-0.98832,-0.97665,-0.80863,-0.79695,-0.62893,-0.61726,-0.44924,-0.43756,-0.26954,-0.25787,-0.08985,-0.07817,0.08985,0.10152,0.26954,0.28122,0.44924,0.46091,0.62893,0.64061,0.80863,0.8203,0.98832,1.0
rp:0.54167,0.04167,0.52851,0.05044,0.51535,0.05921,0.50219,0.06798,0.48904,0.07675,0.47588,0.08553,0.46272,0.0943,0.44956,0.10307,0.4364,0.11184,0.42325,0.12061,0.41009,0.12939,0.39693,0.13816,0.38377,0.14693,0.37061,0.1557,0.35746,0.16447,0.3443,0.17325,0.33114,0.18202,0.31798,0.19079,0.30482,0.19956,0.29167,0.20833:1.0,-0.66667,0.89474,-0.59649,0.78947,-0.52632,0.68421,-0.45614,0.57895,-0.38596,0.47368,-0.31579,0.36842,-0.24561,0.26316,-0.17544,0.15789,-0.10526,0.05263,-0.03509,-0.05263,0.03509,-0.15789,0.10526,-0.26316,0.17544,-0.36842,0.24561,-0.47368,0.31579,-0.57895,0.38596,-0.68421,0.45614,-0.78947,0.52632,-0.89474,0.59649,-1.0,0.66667
eh:0.375,0.04167,0.375,0.05044,0.375,0.05921,0.375,0.06798,0.375,0.07675,0.375,0.08553,0.375,0.0943,0.375,0.10307,0.375,0.11184,0.375,0.12061,0.375,0.12939,0.375,0.13816,0.375,0.14693,0.375,0.1557,0.375,0.16447,0.375,0.17325,0.375,0.18202,0.375,0.19079,0.375,0.19956,0.375,0.20833:0.0,-1.0,0.0,-0.89474,0.0,-0.78947,0.0,-0.68421,0.0,-0.57895,0.0,-0.47368,0.0,-0.36842,0.0,-0.26316,0.0,-0.15789,0.0,-0.05263,0.0,0.05263,0.0,0.15789,0.0,0.26316,0.0,0.36842,0.0,0.47368,0.0,0.57895,0.0,0.68421,0.0,0.78947,0.0,0.89474,0.0,1.0
rebel:0.54167,0.04167,0.51172,0.04167,0.48177,0.04167,0.45182,0.04167,0.42187,0.04167,0.39192,0.04167,0.38803,0.04167,0.41798,0.04167,0.44793,0.04167,0.43879,0.04167,0.40884,0.04167,0.37889,0.04167,0.39343,0.06009,0.4146,0.08127,0.43578,0.10245,0.45696,0.12362,0.47813,0.1448,0.49931,0.16598,0.52049,0.18716,0.54167,0.20833:0.97665,-1.0,0.61726,-1.0,0.25787,-1.0,-0.10152,-1.0,-0.46091,-1.0,-0.8203,-1.0,-0.867,-1.0,-0.50761,-1.0,-0.14822,-1.0,-0.25787,-1.0,-0.61726,-1.0,-0.97665,-1.0,-0.80224,-0.77889,-0.54812,-0.52477,-0.29399,-0.27064,-0.03986,-0.01651,0.21427,0.23762,0.46839,0.49174,0.72252,0.74587,0.97665,1.0
rl:0.54167,0.04167,0.54167,0.05044,0.54167,0.05921,0.54167,0.06798,0.54167,0.07675,0.54167,0.08553,0.54167,0.0943,0.54167,0.10307,0.54167,0.11184,0.54167,0.12061,0.54167,0.12939,0.54167,0.13816,0.54167,0.14693,0.54167,0.1557,0.54167,0.16447,0.54167,0.17325,0.54167,0.18202,0.54167,0.19079,0.54167,0.19956,0.54167,0.20833:0.0,-1.0,0.0,-0.89474,0.0,-0.78947,0.0,-0.68421,0.0,-0.57895,0.0,-0.47368,0.0,-0.36842,0.0,-0.26316,0.0,-0.15789,0.0,-0.05263,0.0,0.05263,0.0,0.15789,0.0,0.26316,0.0,0.36842,0.0,0.47368,0.0,0.57895,0.0,0.68421,0.0,0.78947,0.0,0.89474,0.0,1.0
erp:0.375,0.04167,0.39959,0.04167,0.42417,0.04167,0.44876,0.04167,0.47334,0.04167,0.49793,0.04167,0.52251,0.04167,0.53715,0.04468,0.51669,0.05832,0.49623,0.07196,0.47578,0.08559,0.45532,0.09923,0.43486,0.11287,0.41441,0.12651,0.39395,0.14014,0.37349,0.15378,0.35304,0.16742,0.33258,0.18106,0.31212,0.1947,0.29167,0.20833:-0.32106,-0.67894,-0.12075,-0.67894,0.07956,-0.67894,0.27987,-0.67894,0.48018,-0.67894,0.68049,-0.67894,0.8808,-0.67894,1.0,-0.65439,0.83333,-0.54328,0.66667,-0.43217,0.5,-0.32106,0.33333,-0.20994,0.16667,-0.09883,0.0,0.01228,-0.16667,0.12339,-0.33333,0.2345,-0.5,0.34561,-0.66667,0.45672,-0.83333,0.56783,-1.0,0.67894
wb:0.29167,0.04167,0.30044,0.04167,0.30921,0.04167,0.31798,0.04167,0.32675,0.04167,0.33553,0.04167,0.3443,0.04167,0.35307,0.04167,0.36184,0.04167,0.37061,0.04167,0.37939,0.04167,0.38816,0.04167,0.39693,0.04167,0.4057,0.04167,0.41447,0.04167,0.42325,0.04167,0.43202,0.04167,0.44079,0.04167,0.44956,0.04167,0.45833,0.04167:-1.0,0.0,-0.89474,0.0,-0.78947,0.0,-0.68421,0.0,-0.57895,0.0,-0.47368,0.0,-0.36842,0.0,-0.26316,0.0,-0.15789,0.0,-0.05263,0.0,0.05263,0.0,0.15789,0.0,0.26316,0.0,0.36842,0.0,0.47368,0.0,0.57895,0.0,0.68421,0.0,0.78947,0.0,0.89474,0.0,1.0,0.0
llp:0.54167,0.20833,0.52851,0.20833,0.51535,0.20833,0.50219,0.20833,0.48904,0.20833,0.47588,0.20833,0.46272,0.20833,0.44956,0.20833,0.4364,0.20833,0.42325,0.20833,0.41009,0.20833,0.39693,0.20833,0.38377,0.20833,0.37061,0.20833,0.35746,0.20833,0.3443,0.20833,0.33114,0.20833,0.31798,0.20833,0.30482,0.20833,0.29167,0.20833:1.0,0.0,0.89474,0.0,0.78947,0.0,0.68421,0.0,0.57895,0.0,0.47368,0.0,0.36842,0.0,0.26316,0.0,0.15789,0.0,0.05263,0.0,-0.05263,0.0,-0.15789,0.0,-0.26316,0.0,-0.36842,0.0,-0.47368,0.0,-0.57895,0.0,-0.68421,0.0,-0.78947,0.0,-0.89474,0.0,-1.0,0.0
herb:0.375,0.20833,0.375,0.1864,0.375,0.16447,0.375,0.14254,0.375,0.12061,0.375,0.09868,0.375,0.07675,0.375,0.05482,0.38377,0.04167,0.4057,0.04167,0.42763,0.04167,0.44956,0.04167,0.47149,0.04167,0.49342,0.04167,0.51535,0.04167,0.53728,0.04167,0.52412,0.04167,0.50219,0.04167,0.48026,0.04167,0.45833,0.04167:-0.97368,1.0,-0.97368,0.73684,-0.97368,0.47368,-0.97368,0.21053,-0.97368,-0.05263,-0.97368,-0.31579,-0.97368,-0.57895,-0.97368,-0.84211,-0.86842,-1.0,-0.60526,-1.0,-0.34211,-1.0,-0.07895,-1.0,0.18421,-1.0,0.44737,-1.0,0.71053,-1.0,0.97368,-1.0,0.81579,-1.0,0.55263,-1.0,0.28947,-1.0,0.02632,-1.0
belle:0.45833,0.04167,0.42914,0.04167,0.39994,0.04167,0.37801,0.04468,0.39866,0.06532,0.4193,0.08597,0.43995,0.10661,0.46059,0.12726,0.48124,0.1479,0.50188,0.16855,0.52253,0.18919,0.54016,0.20683,0.51952,0.18618,0.49887,0.16554,0.47823,0.14489,0.45758,0.12425,0.43694,0.1036,0.41629,0.08296,0.39565,0.06231,0.375,0.04167:0.00911,-1.0,-0.34444,-1.0,-0.69799,-1.0,-0.96355,-0.96355,-0.71355,-0.71355,-0.46355,-0.46355,-0.21355,-0.21355,0.03645,0.03645,0.28645,0.28645,0.53645,0.53645,0.78645,0.78645,1.0,1.0,0.75,0.75,0.5,0.5,0.25,0.25,-0.0,0.0,-0.25,-0.25,-0.5,-0.5,-0.75,-0.75,-1.0,-1.0
rb:0.54167,0.04167,0.53728,0.04167,0.53289,0.04167,0.52851,0.04167,0.52412,0.04167,0.51974,0.04167,0.51535,0.04167,0.51096,0.04167,0.50658,0.04167,0.50219,0.04167,0.49781,0.04167,0.49342,0.04167,0.48904,0.04167,0.48465,0.04167,0.48026,0.04167,0.47588,0.04167,0.47149,0.04167,0.46711,0.04167,0.46272,0.04167,0.45833,0.04167:1.0,0.0,0.89474,0.0,0.78947,0.0,0.68421,0.0,0.57895,0.0,0.47368,0.0,0.36842,0.0,0.26316,0.0,0.15789,0.0,0.05263,0.0,-0.05263,0.0,-0.15789,0.0,-0.26316,0.0,-0.36842,0.0,-0.47368,0.0,-0.57895,0.0,-0.68421,0.0,-0.78947,0.0,-0.89474,0.0,-1.0,0.0
bw:0.45833,0.04167,0.44956,0.04167,0.44079,0.04167,0.43202,0.04167,0.42325,0.04167,0.41447,0.04167,0.4057,0.04167,0.39693,0.04167,0.38816,0.04167,0.37939,0.04167,0.37061,0.04167,0.36184,0.04167,0.35307,0.04167,0.3443,0.04167,0.33553,0.04167,0.32675,0.04167,0.31798,0.04167,0.30921,0.04167,0.30044,0.04167,0.29167,0.04167:1.0,0.0,0.89474,0.0,0.78947,0.0,0.68421,0.0,0.57895,0.0,0.47368,0.0,0.36842,0.0,0.26316,0.0,0.15789,0.0,0.05263,0.0,-0.05263,0.0,-0.15789,0.0,-0.26316,0.0,-0.36842,0.0,-0.47368,0.0,-0.57895,0.0,-0.68421,0.0,-0.78947,0.0,-0.89474,0.0,-1.0,0.0
heel:0.375,0.20833,0.375,0.18716,0.375,0.16598,0.375,0.1448,0.375,0.12362,0.375,0.10245,0.375,0.08127,0.375,0.06009,0.37695,0.04361,0.39192,0.05859,0.4069,0.07356,0.42187,0.08854,0.43684,0.10351,0.45182,0.11849,0.46679,0.13346,0.48177,0.14843,0.49674,0.16341,0.51172,0.17838,0.52669,0.19336,0.54167,0.20833:-1.0,0.98832,-1.0,0.7342,-1.0,0.48007,-1.0,0.22594,-1.0,-0.02819,-1.0,-0.28231,-1.0,-0.53644,-1.0,-0.79057,-0.97665,-0.98832,-0.79695,-0.80863,-0.61726,-0.62893,-0.43756,-0.44924,-0.25787,-0.26954,-0.07817,-0.08985,0.10152,0.08985,0.28122,0.26954,0.46091,0.44924,0.64061,0.62893,0.8203,0.80863,1.0,0.98832
wr:0.29167,0.04167,0.30482,0.04167,0.31798,0.04167,0.33114,0.04167,0.3443,0.04167,0.35746,0.04167,0.37061,0.04167,0.38377,0.04167,0.39693,0.04167,0.41009,0.04167,0.42325,0.04167,0.4364,0.04167,0.44956,0.04167,0.46272,0.04167,0.47588,0.04167,0.48904,0.04167,0.50219,0.04167,0.51535,0.04167,0.52851,0.04167,0.54167,0.04167:-1.0,0.0,-0.89474,0.0,-0.78947,0.0,-0.68421,0.0,-0.57895,0.0,-0.47368,0.0,-0.36842,0.0,-0.26316,0.0,-0.15789,0.0,-0.05263,0.0,0.05263,0.0,0.15789,0.0,0.26316,0.0,0.36842,0.0,0.47368,0.0,0.57895,0.0,0.68421,0.0,0.78947,0.0,0.89474,0.0,1.0,0.0
bl:0.45833,0.04167,0.46272,0.05044,0.46711,0.05921,0.47149,0.06798,0.47588,0.07675,0.48026,0.08553,0.48465,0.0943,0.48904,0.10307,0.49342,0.11184,0.49781,0.12061,0.50219,0.12939,0.50658,0.13816,0.51096,0.14693,0.51535,0.1557,0.51974,0.16447,0.52412,0.17325,0.52851,0.18202,0.53289,0.19079,0.53728,0.19956,0.54167,0.20833:-0.5,-1.0,-0.44737,-0.89474,-0.39474,-0.78947,-0.34211,-0.68421,-0.28947,-0.57895,-0.23684,-0.47368,-0.18421,-0.36842,-0.13158,-0.26316,-0.07895,-0.15789,-0.02632,-0.05263,0.02632,0.05263,0.07895,0.15789,0.13158,0.26316,0.18421,0.36842,0.23684,0.47368,0.28947,0.57895,0.34211,0.68421,0.39474,0.78947,0.44737,0.89474,0.5,1.0
hl:0.375,0.20833,0.38377,0.20833,0.39254,0.20833,0.40132,0.20833,0.41009,0.20833,0.41886,0.20833,0.42763,0.20833,0.4364,0.20833,0.44518,0.20833,0.45395,0.20833,0.46272,0.20833,0.47149,0.20833,0.48026,0.20833,0.48904,0.20833,0.49781,0.20833,0.50658,0.20833,0.51535,0.20833,0.52412,0.20833,0.53289,0.20833,0.54167,0.20833:-1.0,0.0,-0.89474,0.0,-0.78947,0.0,-0.68421,0.0,-0.57895,0.0,-0.47368,0.0,-0.36842,0.0,-0.26316,0.0,-0.15789,0.0,-0.05263,0.0,0.05263,0.0,0.15789,0.0,0.26316,0.0,0.36842,0.0,0.47368,0.0,0.57895,0.0,0.68421,0.0,0.78947,0.0,0.89474,0.0,1.0,0.0
1:0.04167,0.29167,0.04167,0.29167,0.04167,0.29167,0.04167,0.29167,0.04167,0.29167,0.04167,0.29167,0.04167,0.29167,0.04167,0.29167,0.04167,0.29167,0.04167,0.29167,0.04167,0.29167,0.04167,0.29167,0.04167,0.29167,0.04167,0.29167,0.04167,0.29167,0.04167,0.29167,0.04167,0.29167,0.04167,0.29167,0.04167,0.29167,0.04167,0.29167:0.0,0.0,0.0,0.0,0.0,0.0,0.0,0.0,0.0,0.0,0.0,0.0,0.0,0.0,0.0,0.0,0.0,0.0,0.0,0.0,0.0,0.0,0.0,0.0,0.0,0.0,0.0,0.0,0.0,0.0,0.0,0.0,0.0,0.0,0.0,0.0,0.0,0.0,0.0,0.0
2:0.125,0.29167,0.125,0.29167,0.125,0.29167,0.125,0.29167,0.125,0.29167,0.125,0.29167,0.125,0.29167,0.125,0.29167,0.125,0.29167,0.125,0.29167,0.125,0.29167,0.125,0.29167,0.125,0.29167,0.125,0.29167,0.125,0.29167,0.125,0.29167,0.125,0.29167,0.125,0.29167,0.125,0.29167,0.125,0.29167:0.0,0.0,0.0,0.0,0.0,0.0,0.0,0.0,0.0,0.0,0.0,0.0,0.0,0.0,0.0,0.0,0.0,0.0,0.0,0.0,0.0,0.0,0.0,0.0,0.0,0.0,0.0,0.0,0.0,0.0,0.0,0.0,0.0,0.0,0.0,0.0,0.0,0.0,0.0,0.0
3:0.20833,0.29167,0.20833,0.29167,0.20833,0.29167,0.20833,0.29167,0.20833,0.29167,0.20833,0.29167,0.20833,0.29167,0.20833,0.29167,0.20833,0.29167,0.20833,0.29167,0.20833,0.29167,0.20833,0.29167,0.20833,0.29167,0.20833,0.29167,0.20833,0.29167,0.20833,0.29167,0.20833,0.29167,0.20833,0.29167,0.20833,0.29167,0.20833,0.29167:0.0,0.0,0.0,0.0,0.0,0.0,0.0,0.0,0.0,0.0,0.0,0.0,0.0,0.0,0.0,0.0,0.0,0.0,0.0,0.0,0.0,0.0,0.0,0.0,0.0,0.0,0.0,0.0,0.0,0.0,0.0,0.0,0.0,0.0,0.0,0.0,0.0,0.0,0.0,0.0
4:0.29167,0.29167,0.29167,0.29167,0.29167,0.29167,0.29167,0.29167,0.29167,0.29167,0.29167,0.29167,0.29167,0.29167,0.29167,0.29167,0.29167,0.29167,0.29167,0.29167,0.29167,0.29167,0.29167,0.29167,0.29167,0.29167,0.29167,0.29167,0.29167,0.29167,0.29167,0.29167,0.29167,0.29167,0.29167,0.29167,0.29167,0.29167,0.29167,0.29167:0.0,0.0,0.0,0.0,0.0,0.0,0.0,0.0,0.0,0.0,0.0,0.0,0.0,0.0,0.0,0.0,0.0,0.0,0.0,0.0,0.0,0.0,0.0,0.0,0.0,0.0,0.0,0.0,0.0,0.0,0.0,0.0,0.0,0.0,0.0,0.0,0.0,0.0,0.0,0.0
5:0.375,0.29167,0.375,0.29167,0.375,0.29167,0.375,0.29167,0.375,0.29167,0.375,0.29167,0.375,0.29167,0.375,0.29167,0.375,0.29167,0.375,0.29167,0.375,0.29167,0.375,0.29167,0.375,0.29167,0.375,0.29167,0.375,0.29167,0.375,0.29167,0.375,0.29167,0.375,0.29167,0.375,0.29167,0.375,0.29167:0.0,0.0,0.0,0.0,0.0,0.0,0.0,0.0,0.0,0.0,0.0,0.0,0.0,0.0,0.0,0.0,0.0,0.0,0.0,0.0,0.0,0.0,0.0,0.0,0.0,0.0,0.0,0.0,0.0,0.0,0.0,0.0,0.0,0.0,0.0,0.0,0.0,0.0,0.0,0.0
6:0.45833,0.29167,0.45833,0.29167,0.45833,0.29167,0.45833,0.29167,0.45833,0.29167,0.45833,0.29167,0.45833,0.29167,0.45833,0.29167,0.45833,0.29167,0.45833,0.29167,0.45833,0.29167,0.45833,0.29167,0.45833,0.29167,0.45833,0.29167,0.45833,0.29167,0.45833,0.29167,0.45833,0.29167,0.45833,0.29167,0.45833,0.29167,0.45833,0.29167:0.0,0.0,0.0,0.0,0.0,0.0,0.0,0.0,0.0,0.0,0.0,0.0,0.0,0.0,0.0,0.0,0.0,0.0,0.0,0.0,0.0,0.0,0.0,0.0,0.0,0.0,0.0,0.0,0.0,0.0,0.0,0.0,0.0,0.0,0.0,0.0,0.0,0.0,0.0,0.0
7:0.54167,0.29167,0.54167,0.29167,0.54167,0.29167,0.54167,0.29167,0.54167,0.29167,0.54167,0.29167,0.54167,0.29167,0.54167,0.29167,0.54167,0.29167,0.54167,0.29167,0.54167,0.29167,0.54167,0.29167,0.54167,0.29167,0.54167,0.29167,0.54167,0.29167,0.54167,0.29167,0.54167,0.29167,0.54167,0.29167,0.54167,0.29167,0.54167,0.29167:0.0,0.0,0.0,0.0,0.0,0.0,0.0,0.0,0.0,0.0,0.0,0.0,0.0,0.0,0.0,0.0,0.0,0.0,0.0,0.0,0.0,0.0,0.0,0.0,0.0,0.0,0.0,0.0,0.0,0.0,0.0,0.0,0.0,0.0,0.0,0.0,0.0,0.0,0.0,0.0
8:0.625,0.29167,0.625,0.29167,0.625,0.29167,0.625,0.29167,0.625,0.29167,0.625,0.29167,0.625,0.29167,0.625,0.29167,0.625,0.29167,0.625,0.29167,0.625,0.29167,0.625,0.29167,0.625,0.29167,0.625,0.29167,0.625,0.29167,0.625,0.29167,0.625,0.29167,0.625,0.29167,0.625,0.29167,0.625,0.29167:0.0,0.0,0.0,0.0,0.0,0.0,0.0,0.0,0.0,0.0,0.0,0.0,0.0,0.0,0.0,0.0,0.0,0.0,0.0,0.0,0.0,0.0,0.0,0.0,0.0,0.0,0.0,0.0,0.0,0.0,0.0,0.0,0.0,0.0,0.0,0.0,0.0,0.0,0.0,0.0
9:0.70833,0.29167,0.70833,0.29167,0.70833,0.29167,0.70833,0.29167,0.70833,0.29167,0.70833,0.29167,0.70833,0.29167,0.70833,0.29167,0.70833,0.29167,0.70833,0.29167,0.70833,0.29167,0.70833,0.29167,0.70833,0.29167,0.70833,0.29167,0.70833,0.29167,0.70833,0.29167,0.70833,0.29167,0.70833,0.29167,0.70833,0.29167,0.70833,0.29167:0.0,0.0,0.0,0.0,0.0,0.0,0.0,0.0,0.0,0.0,0.0,0.0,0.0,0.0,0.0,0.0,0.0,0.0,0.0,0.0,0.0,0.0,0.0,0.0,0.0,0.0,0.0,0.0,0.0,0.0,0.0,0.0,0.0,0.0,0.0,0.0,0.0,0.0,0.0,0.0
0:0.79167,0.29167,0.79167,0.29167,0.79167,0.29167,0.79167,0.29167,0.79167,0.29167,0.79167,0.29167,0.79167,0.29167,0.79167,0.29167,0.79167,0.29167,0.79167,0.29167,0.79167,0.29167,0.79167,0.29167,0.79167,0.29167,0.79167,0.29167,0.79167,0.29167,0.79167,0.29167,0.79167,0.29167,0.79167,0.29167,0.79167,0.29167,0.79167,0.29167:0.0,0.0,0.0,0.0,0.0,0.0,0.0,0.0,0.0,0.0,0.0,0.0,0.0,0.0,0.0,0.0,0.0,0.0,0.0,0.0,0.0,0.0,0.0,0.0,0.0,0.0,0.0,0.0,0.0,0.0,0.0,0.0,0.0,0.0,0.0,0.0,0.0,0.0,0.0,0.0
-:0.95833,0.29167,0.95833,0.29167,0.95833,0.29167,0.95833,0.29167,0.95833,0.29167,0.95833,0.29167,0.95833,0.29167,0.95833,0.29167,0.95833,0.29167,0.95833,0.29167,0.95833,0.29167,0.95833,0.29167,0.95833,0.29167,0.95833,0.29167,0.95833,0.29167,0.95833,0.29167,0.95833,0.29167,0.95833,0.29167,0.95833,0.29167,0.95833,0.29167:0.0,0.0,0.0,0.0,0.0,0.0,0.0,0.0,0.0,0.0,0.0,0.0,0.0,0.0,0.0,0.0,0.0,0.0,0.0,0.0,0.0,0.0,0.0,0.0,0.0,0.0,0.0,0.0,0.0,0.0,0.0,0.0,0.0,0.0,0.0,0.0,0.0,0.0,0.0,0.0
_:0.875,0.29167,0.875,0.29167,0.875,0.29167,0.875,0.29167,0.875,0.29167,0.875,0.29167,0.875,0.29167,0.875,0.29167,0.875,0.29167,0.875,0.29167,0.875,0.29167,0.875,0.29167,0.875,0.29167,0.875,0.29167,0.875,0.29167,0.875,0.29167,0.875,0.29167,0.875,0.29167,0.875,0.29167,0.875,0.29167:0.0,0.0,0.0,0.0,0.0,0.0,0.0,0.0,0.0,0.0,0.0,0.0,0.0,0.0,0.0,0.0,0.0,0.0,0.0,0.0,0.0,0.0,0.0,0.0,0.0,0.0,0.0,0.0,0.0,0.0,0.0,0.0,0.0,0.0,0.0,0.0,0.0,0.0,0.0,0.0
98i-9:0.70833,0.29167,0.6543,0.29167,0.60288,0.28061,0.55456,0.25645,0.50623,0.23228,0.4588,0.20841,0.5121,0.21729,0.56539,0.22618,0.61869,0.23506,0.67198,0.24394,0.72528,0.25282,0.77857,0.26171,0.83187,0.27059,0.88516,0.27947,0.93846,0.28835,0.92445,0.29167,0.87042,0.29167,0.81639,0.29167,0.76236,0.29167,0.70833,0.29167:0.04046,0.17357,-0.18483,0.17357,-0.39923,0.12746,-0.60074,0.02671,-0.80224,-0.07404,-1.0,-0.17357,-0.77778,-0.13654,-0.55556,-0.0995,-0.33333,-0.06246,-0.11111,-0.02542,0.11111,0.01161,0.33333,0.04865,0.55556,0.08569,0.77778,0.12272,1.0,0.15976,0.94161,0.17357,0.71632,0.17357,0.49103,0.17357,0.26574,0.17357,0.04046,0.17357
ppppp:0.29167,0.20833,0.29167,0.20833,0.29167,0.20833,0.29167,0.20833,0.29167,0.20833,0.29167,0.20833,0.29167,0.20833,0.29167,0.20833,0.29167,0.20833,0.29167,0.20833,0.29167,0.20833,0.29167,0.20833,0.29167,0.20833,0.29167,0.20833,0.29167,0.20833,0.29167,0.20833,0.29167,0.20833,0.29167,0.20833,0.29167,0.20833,0.29167,0.20833:0.0,0.0,0.0,0.0,0.0,0.0,0.0,0.0,0.0,0.0,0.0,0.0,0.0,0.0,0.0,0.0,0.0,0.0,0.0,0.0,0.0,0.0,0.0,0.0,0.0,0.0,0.0,0.0,0.0,0.0,0.0,0.0,0.0,0.0,0.0,0.0,0.0,0.0,0.0,0.0
pppp:0.29167,0.20833,0.29167,0.20833,0.29167,0.20833,0.29167,0.20833,0.29167,0.20833,0.29167,0.20833,0.29167,0.20833,0.29167,0.20833,0.29167,0.20833,0.29167,0.20833,0.29167,0.20833,0.29167,0.20833,0.29167,0.20833,0.29167,0.20833,0.29167,0.20833,0.29167,0.20833,0.29167,0.20833,0.29167,0.20833,0.29167,0.20833,0.29167,0.20833:0.0,0.0,0.0,0.0,0.0,0.0,0.0,0.0,0.0,0.0,0.0,0.0,0.0,0.0,0.0,0.0,0.0,0.0,0.0,0.0,0.0,0.0,0.0,0.0,0.0,0.0,0.0,0.0,0.0,0.0,0.0,0.0,0.0,0.0,0.0,0.0,0.0,0.0,0.0,0.0
