a:0.25,2.25,0.25,2.25,0.25,2.25,0.25,2.25,0.25,2.25,0.25,2.25,0.25,2.25,0.25,2.25,0.25,2.25,0.25,2.25,0.25,2.25,0.25,2.25,0.25,2.25,0.25,2.25,0.25,2.25,0.25,2.25,0.25,2.25,0.25,2.25,0.25,2.25,0.25,2.25:0.0,0.0,0.0,0.0,0.0,0.0,0.0,0.0,0.0,0.0,0.0,0.0,0.0,0.0,0.0,0.0,0.0,0.0,0.0,0.0,0.0,0.0,0.0,0.0,0.0,0.0,0.0,0.0,0.0,0.0,0.0,0.0,0.0,0.0,0.0,0.0,0.0,0.0,0.0,0.0
i:0.25,0.25,0.25,0.25,0.25,0.25,0.25,0.25,0.25,0.25,0.25,0.25,0.25,0.25,0.25,0.25,0.25,0.25,0.25,0.25,0.25,0.25,0.25,0.25,0.25,0.25,0.25,0.25,0.25,0.25,0.25,0.25,0.25,0.25,0.25,0.25,0.25,0.25,0.25,0.25:0.0,0.0,0.0,0.0,0.0,0.0,0.0,0.0,0.0,0.0,0.0,0.0,0.0,0.0,0.0,0.0,0.0,0.0,0.0,0.0,0.0,0.0,0.0,0.0,0.0,0.0,0.0,0.0,0.0,0.0,0.0,0.0,0.0,0.0,0.0,0.0,0.0,0.0,0.0,0.0
be:0.75,2.25,0.72368,2.19737,0.69737,2.14474,0.67105,2.09211,0.64474,2.03947,0.61842,1.98684,0.59211,1.93421,0.56579,1.88158,0.53947,1.82895,0.51316,1.77632,0.48684,1.72368,0.46053,1.67105,0.43421,1.61842,0.40789,1.56579,0.38158,1.51316,0.35526,1.46053,0.32895,1.40789,0.30263,1.35526,0.27632,1.30263,0.25,1.25:0.5,1.0,0.44737,0.89474,0.39474,0.78947,0.34211,0.68421,0.28947,0.57895,0.23684,0.47368,0.18421,0.36842,0.13158,0.26316,0.07895,0.15789,0.02632,0.05263,-0.02632,-0.05263,-0.07895,-0.15789,-0.13158,-0.26316,-0.18421,-0.36842,-0.23684,-0.47368,-0.28947,-0.57895,-0.34211,-0.68421,-0.39474,-0.78947,-0.44737,-0.89474,-0.5,-1.0
if:0.25,0.25,0.27632,0.30263,0.30263,0.35526,0.32895,0.40789,0.35526,0.46053,0.38158,0.51316,0.40789,0.56579,0.43421,0.61842,0.46053,0.67105,0.48684,0.72368,0.51316,0.77632,0.53947,0.82895,0.56579,0.88158,0.59211,0.93421,0.61842,0.98684,0.64474,1.03947,0.67105,1.09211,0.69737,1.14474,0.72368,1.19737,0.75,1.25:-0.5,-1.0,-0.44737,-0.89474,-0.39474,-0.78947,-0.34211,-0.68421,-0.28947,-0.57895,-0.23684,-0.47368,-0.18421,-0.36842,-0.13158,-0.26316,-0.07895,-0.15789,-0.02632,-0.05263,0.02632,0.05263,0.07895,0.15789,0.13158,0.26316,0.18421,0.36842,0.23684,0.47368,0.28947,0.57895,0.34211,0.68421,0.39474,0.78947,0.44737,0.89474,0.5,1.0
he:0.75,0.75,0.72368,0.77632,0.69737,0.80263,0.67105,0.82895,0.64474,0.85526,0.61842,0.88158,0.59211,0.90789,0.56579,0.93421,0.53947,0.96053,0.51316,0.98684,0.48684,1.01316,0.46053,1.03947,0.43421,1.06579,0.40789,1.09211,0.38158,1.11842,0.35526,1.14474,0.32895,1.17105,0.30263,1.19737,0.27632,1.22368,0.25,1.25:1.0,-1.0,0.89474,-0.89474,0.78947,-0.78947,0.68421,-0.68421,0.57895,-0.57895,0.47368,-0.47368,0.36842,-0.36842,0.26316,-0.26316,0.15789,-0.15789,0.05263,-0.05263,-0.05263,0.05263,-0.15789,0.15789,-0.26316,0.26316,-0.36842,0.36842,-0.47368,0.47368,-0.57895,0.57895,-0.68421,0.68421,-0.78947,0.78947,-0.89474,0.89474,-1.0,1.0
c:0.25,1.75,0.25,1.75,0.25,1.75,0.25,1.75,0.25,1.75,0.25,1.75,0.25,1.75,0.25,1.75,0.25,1.75,0.25,1.75,0.25,1.75,0.25,1.75,0.25,1.75,0.25,1.75,0.25,1.75,0.25,1.75,0.25,1.75,0.25,1.75,0.25,1.75,0.25,1.75:0.0,0.0,0.0,0.0,0.0,0.0,0.0,0.0,0.0,0.0,0.0,0.0,0.0,0.0,0.0,0.0,0.0,0.0,0.0,0.0,0.0,0.0,0.0,0.0,0.0,0.0,0.0,0.0,0.0,0.0,0.0,0.0,0.0,0.0,0.0,0.0,0.0,0.0,0.0,0.0
e:0.25,1.25,0.25,1.25,0.25,1.25,0.25,1.25,0.25,1.25,0.25,1.25,0.25,1.25,0.25,1.25,0.25,1.25,0.25,1.25,0.25,1.25,0.25,1.25,0.25,1.25,0.25,1.25,0.25,1.25,0.25,1.25,0.25,1.25,0.25,1.25,0.25,1.25,0.25,1.25:0.0,0.0,0.0,0.0,0.0,0.0,0.0,0.0,0.0,0.0,0.0,0.0,0.0,0.0,0.0,0.0,0.0,0.0,0.0,0.0,0.0,0.0,0.0,0.0,0.0,0.0,0.0,0.0,0.0,0.0,0.0,0.0,0.0,0.0,0.0,0.0,0.0,0.0,0.0,0.0
had:0.75,0.75,0.71192,0.86425,0.67383,0.97851,0.63575,1.09276,0.59766,1.20701,0.55958,1.32127,0.52149,1.43552,0.48341,1.54978,0.44532,1.66403,0.40724,1.77828,0.36915,1.89254,0.33107,2.00679,0.29299,2.12104,0.2549,2.2353,0.3242,2.1758,0.40936,2.09064,0.49452,2.00548,0.57968,1.92032,0.66484,1.83516,0.75,1.75:0.33333,-1.0,0.28205,-0.84615,0.23077,-0.69231,0.17949,-0.53846,0.12821,-0.38462,0.07692,-0.23077,0.02564,-0.07692,-0.02564,0.07692,-0.07692,0.23077,-0.12821,0.38462,-0.17949,0.53846,-0.23077,0.69231,-0.28205,0.84615,-0.33333,1.0,-0.24002,0.91988,-0.12535,0.80521,-0.01068,0.69054,0.10399,0.57587,0.21866,0.4612,0.33333,0.34653
b:0.75,2.25,0.75,2.25,0.75,2.25,0.75,2.25,0.75,2.25,0.75,2.25,0.75,2.25,0.75,2.25,0.75,2.25,0.75,2.25,0.75,2.25,0.75,2.25,0.75,2.25,0.75,2.25,0.75,2.25,0.75,2.25,0.75,2.25,0.75,2.25,0.75,2.25,0.75,2.25:0.0,0.0,0.0,0.0,0.0,0.0,0.0,0.0,0.0,0.0,0.0,0.0,0.0,0.0,0.0,0.0,0.0,0.0,0.0,0.0,0.0,0.0,0.0,0.0,0.0,0.0,0.0,0.0,0.0,0.0,0.0,0.0,0.0,0.0,0.0,0.0,0.0,0.0,0.0,0.0
add:0.25,2.25,0.27632,2.22368,0.30263,2.19737,0.32895,2.17105,0.35526,2.14474,0.38158,2.11842,0.40789,2.09211,0.43421,2.06579,0.46053,2.03947,0.48684,2.01316,0.51316,1.98684,0.53947,1.96053,0.56579,1.93421,0.59211,1.90789,0.61842,1.88158,0.64474,1.85526,0.67105,1.82895,0.69737,1.80263,0.72368,1.77632,0.75,1.75:-1.0,1.0,-0.89474,0.89474,-0.78947,0.78947,-0.68421,0.68421,-0.57895,0.57895,-0.47368,0.47368,-0.36842,0.36842,-0.26316,0.26316,-0.15789,0.15789,-0.05263,0.05263,0.05263,-0.05263,0.15789,-0.15789,0.26316,-0.26316,0.36842,-0.36842,0.47368,-0.47368,0.57895,-0.57895,0.68421,-0.68421,0.78947,-0.78947,0.89474,-0.89474,1.0,-1.0
d:0.75,1.75,0.75,1.75,0.75,1.75,0.75,1.75,0.75,1.75,0.75,1.75,0.75,1.75,0.75,1.75,0.75,1.75,0.75,1.75,0.75,1.75,0.75,1.75,0.75,1.75,0.75,1.75,0.75,1.75,0.75,1.75,0.75,1.75,0.75,1.75,0.75,1.75,0.75,1.75:0.0,0.0,0.0,0.0,0.0,0.0,0.0,0.0,0.0,0.0,0.0,0.0,0.0,0.0,0.0,0.0,0.0,0.0,0.0,0.0,0.0,0.0,0.0,0.0,0.0,0.0,0.0,0.0,0.0,0.0,0.0,0.0,0.0,0.0,0.0,0.0,0.0,0.0,0.0,0.0
high:0.75,0.75,0.68647,0.68647,0.62294,0.62294,0.5594,0.5594,0.49587,0.49587,0.43234,0.43234,0.36881,0.36881,0.30528,0.30528,0.25,0.26168,0.25,0.35152,0.25,0.44137,0.25,0.53122,0.25,0.62107,0.25,0.71091,0.30076,0.75,0.39061,0.75,0.48046,0.75,0.5703,0.75,0.66015,0.75,0.75,0.75:1.0,0.97665,0.74587,0.72252,0.49174,0.46839,0.23762,0.21427,-0.01651,-0.03986,-0.27064,-0.29399,-0.52477,-0.54812,-0.77889,-0.80224,-1.0,-0.97665,-1.0,-0.61726,-1.0,-0.25787,-1.0,0.10152,-1.0,0.46091,-1.0,0.8203,-0.79695,0.97665,-0.43756,0.97665,-0.07817,0.97665,0.28122,0.97665,0.64061,0.97665,1.0,0.97665
each:0.25,1.25,0.25,1.38779,0.25,1.52558,0.25,1.66337,0.25,1.80117,0.25,1.93896,0.25,2.07675,0.25,2.21454,0.25,2.14767,0.25,2.00988,0.25,1.87209,0.25702,1.73595,0.31865,1.61271,0.38027,1.48947,0.44189,1.36622,0.50351,1.24298,0.56513,1.11973,0.62676,0.99649,0.68838,0.87324,0.75,0.75:-0.3414,-0.31719,-0.3414,-0.12902,-0.3414,0.05915,-0.3414,0.24732,-0.3414,0.43549,-0.3414,0.62366,-0.3414,0.81183,-0.3414,1.0,-0.3414,0.90868,-0.3414,0.72051,-0.3414,0.53234,-0.33181,0.34644,-0.24766,0.17813,-0.16351,0.00983,-0.07936,-0.15848,0.0048,-0.32678,0.08895,-0.49509,0.1731,-0.66339,0.25725,-0.8317,0.3414,-1.0
de:0.75,1.75,0.72368,1.72368,0.69737,1.69737,0.67105,1.67105,0.64474,1.64474,0.61842,1.61842,0.59211,1.59211,0.56579,1.56579,0.53947,1.53947,0.51316,1.51316,0.48684,1.48684,0.46053,1.46053,0.43421,1.43421,0.40789,1.40789,0.38158,1.38158,0.35526,1.35526,0.32895,1.32895,0.30263,1.30263,0.27632,1.27632,0.25,1.25:1.0,1.0,0.89474,0.89474,0.78947,0.78947,0.68421,0.68421,0.57895,0.57895,0.47368,0.47368,0.36842,0.36842,0.26316,0.26316,0.15789,0.15789,0.05263,0.05263,-0.05263,-0.05263,-0.15789,-0.15789,-0.26316,-0.26316,-0.36842,-0.36842,-0.47368,-0.47368,-0.57895,-0.57895,-0.68421,-0.68421,-0.78947,-0.78947,-0.89474,-0.89474,-1.0,-1.0
f:0.75,1.25,0.75,1.25,0.75,1.25,0.75,1.25,0.75,1.25,0.75,1.25,0.75,1.25,0.75,1.25,0.75,1.25,0.75,1.25,0.75,1.25,0.75,1.25,0.75,1.25,0.75,1.25,0.75,1.25,0.75,1.25,0.75,1.25,0.75,1.25,0.75,1.25,0.75,1.25:0.0,0.0,0.0,0.0,0.0,0.0,0.0,0.0,0.0,0.0,0.0,0.0,0.0,0.0,0.0,0.0,0.0,0.0,0.0,0.0,0.0,0.0,0.0,0.0,0.0,0.0,0.0,0.0,0.0,0.0,0.0,0.0,0.0,0.0,0.0,0.0,0.0,0.0,0.0,0.0
did:0.75,1.75,0.69737,1.59211,0.64474,1.43421,0.59211,1.27632,0.53947,1.11842,0.48684,0.96053,0.43421,0.80263,0.38158,0.64474,0.32895,0.48684,0.27632,0.32895,0.27632,0.32895,0.32895,0.48684,0.38158,0.64474,0.43421,0.80263,0.48684,0.96053,0.53947,1.11842,0.59211,1.27632,0.64474,1.43421,0.69737,1.59211,0.75,1.75:0.33333,1.0,0.25926,0.77778,0.18519,0.55556,0.11111,0.33333,0.03704,0.11111,-0.03704,-0.11111,-0.11111,-0.33333,-0.18519,-0.55556,-0.25926,-0.77778,-0.33333,-1.0,-0.33333,-1.0,-0.25926,-0.77778,-0.18519,-0.55556,-0.11111,-0.33333,-0.03704,-0.11111,0.03704,0.11111,0.11111,0.33333,0.18519,0.55556,0.25926,0.77778,0.33333,1.0
g:0.25,0.75,0.25,0.75,0.25,0.75,0.25,0.75,0.25,0.75,0.25,0.75,0.25,0.75,0.25,0.75,0.25,0.75,0.25,0.75,0.25,0.75,0.25,0.75,0.25,0.75,0.25,0.75,0.25,0.75,0.25,0.75,0.25,0.75,0.25,0.75,0.25,0.75,0.25,0.75:0.0,0.0,0.0,0.0,0.0,0.0,0.0,0.0,0.0,0.0,0.0,0.0,0.0,0.0,0.0,0.0,0.0,0.0,0.0,0.0,0.0,0.0,0.0,0.0,0.0,0.0,0.0,0.0,0.0,0.0,0.0,0.0,0.0,0.0,0.0,0.0,0.0,0.0,0.0,0.0
h:0.75,0.75,0.75,0.75,0.75,0.75,0.75,0.75,0.75,0.75,0.75,0.75,0.75,0.75,0.75,0.75,0.75,0.75,0.75,0.75,0.75,0.75,0.75,0.75,0.75,0.75,0.75,0.75,0.75,0.75,0.75,0.75,0.75,0.75,0.75,0.75,0.75,0.75,0.75,0.75:0.0,0.0,0.0,0.0,0.0,0.0,0.0,0.0,0.0,0.0,0.0,0.0,0.0,0.0,0.0,0.0,0.0,0.0,0.0,0.0,0.0,0.0,0.0,0.0,0.0,0.0,0.0,0.0,0.0,0.0,0.0,0.0,0.0,0.0,0.0,0.0,0.0,0.0,0.0,0.0
big:0.75,2.25,0.7173,2.11921,0.6846,1.98841,0.65191,1.85762,0.61921,1.72683,0.58651,1.59603,0.55381,1.46524,0.52111,1.33445,0.48841,1.20365,0.45572,1.07286,0.42302,0.94207,0.39032,0.81127,0.35762,0.68048,0.32492,0.54969,0.29222,0.41889,0.25953,0.2881,0.25,0.34554,0.25,0.48036,0.25,0.61518,0.25,0.75:0.25486,1.0,0.22152,0.86667,0.18819,0.73333,0.15486,0.6,0.12152,0.46667,0.08819,0.33333,0.05486,0.2,0.02152,0.06667,-0.01181,-0.06667,-0.04514,-0.2,-0.07848,-0.33333,-0.11181,-0.46667,-0.14514,-0.6,-0.17848,-0.73333,-0.21181,-0.86667,-0.24514,-1.0,-0.25486,-0.94144,-0.25486,-0.804,-0.25486,-0.66657,-0.25486,-0.52913
cd:0.25,1.75,0.27632,1.75,0.30263,1.75,0.32895,1.75,0.35526,1.75,0.38158,1.75,0.40789,1.75,0.43421,1.75,0.46053,1.75,0.48684,1.75,0.51316,1.75,0.53947,1.75,0.56579,1.75,0.59211,1.75,0.61842,1.75,0.64474,1.75,0.67105,1.75,0.69737,1.75,0.72368,1.75,0.75,1.75:-1.0,0.0,-0.89474,0.0,-0.78947,0.0,-0.68421,0.0,-0.57895,0.0,-0.47368,0.0,-0.36842,0.0,-0.26316,0.0,-0.15789,0.0,-0.05263,0.0,0.05263,0.0,0.15789,0.0,0.26316,0.0,0.36842,0.0,0.47368,0.0,0.57895,0.0,0.68421,0.0,0.78947,0.0,0.89474,0.0,1.0,0.0
j:0.75,0.25,0.75,0.25,0.75,0.25,0.75,0.25,0.75,0.25,0.75,0.25,0.75,0.25,0.75,0.25,0.75,0.25,0.75,0.25,0.75,0.25,0.75,0.25,0.75,0.25,0.75,0.25,0.75,0.25,0.75,0.25,0.75,0.25,0.75,0.25,0.75,0.25,0.75,0.25:0.0,0.0,0.0,0.0,0.0,0.0,0.0,0.0,0.0,0.0,0.0,0.0,0.0,0.0,0.0,0.0,0.0,0.0,0.0,0.0,0.0,0.0,0.0,0.0,0.0,0.0,0.0,0.0,0.0,0.0,0.0,0.0,0.0,0.0,0.0,0.0,0.0,0.0,0.0,0.0
dec:0.75,1.75,0.70508,1.70508,0.66015,1.66015,0.61523,1.61523,0.5703,1.5703,0.52538,1.52538,0.48046,1.48046,0.43553,1.43553,0.39061,1.39061,0.34569,1.34569,0.30076,1.30076,0.25584,1.25584,0.25,1.30528,0.25,1.36881,0.25,1.43234,0.25,1.49587,0.25,1.5594,0.25,1.62294,0.25,1.68647,0.25,1.75:1.0,0.98832,0.8203,0.80863,0.64061,0.62893,0.46091,0.44924,0.28122,0.26954,0.10152,0.08985,-0.07817,-0.08985,-0.25787,-0.26954,-0.43756,-0.44924,-0.61726,-0.62893,-0.79695,-0.80863,-0.97665,-0.98832,-1.0,-0.79057,-1.0,-0.53644,-1.0,-0.28231,-1.0,-0.02819,-1.0,0.22594,-1.0,0.48007,-1.0,0.7342,-1.0,0.98832
age:0.25,2.25,0.25,2.14474,0.25,2.03947,0.25,1.93421,0.25,1.82895,0.25,1.72368,0.25,1.61842,0.25,1.51316,0.25,1.40789,0.25,1.30263,0.25,1.19737,0.25,1.09211,0.25,0.98684,0.25,0.88158,0.25,0.77632,0.25,0.82895,0.25,0.93421,0.25,1.03947,0.25,1.14474,0.25,1.25:0.0,1.0,0.0,0.85714,0.0,0.71429,0.0,0.57143,0.0,0.42857,0.0,0.28571,0.0,0.14286,0.0,0.0,0.0,-0.14286,0.0,-0.28571,0.0,-0.42857,0.0,-0.57143,0.0,-0.71429,0.0,-0.85714,0.0,-1.0,0.0,-0.92857,0.0,-0.78571,0.0,-0.64286,0.0,-0.5,0.0,-0.35714
ca:0.25,1.75,0.25,1.77632,0.25,1.80263,0.25,1.82895,0.25,1.85526,0.25,1.88158,0.25,1.90789,0.25,1.93421,0.25,1.96053,0.25,1.98684,0.25,2.01316,0.25,2.03947,0.25,2.06579,0.25,2.09211,0.25,2.11842,0.25,2.14474,0.25,2.17105,0.25,2.19737,0.25,2.22368,0.25,2.25:0.0,-1.0,0.0,-0.89474,0.0,-0.78947,0.0,-0.68421,0.0,-0.57895,0.0,-0.47368,0.0,-0.36842,0.0,-0.26316,0.0,-0.15789,0.0,-0.05263,0.0,0.05263,0.0,0.15789,0.0,0.26316,0.0,0.36842,0.0,0.47368,0.0,0.57895,0.0,0.68421,0.0,0.78947,0.0,0.89474,0.0,1.0
id:0.25,0.25,0.27632,0.32895,0.30263,0.40789,0.32895,0.48684,0.35526,0.56579,0.38158,0.64474,0.40789,0.72368,0.43421,0.80263,0.46053,0.88158,0.48684,0.96053,0.51316,1.03947,0.53947,1.11842,0.56579,1.19737,0.59211,1.27632,0.61842,1.35526,0.64474,1.43421,0.67105,1.51316,0.69737,1.59211,0.72368,1.67105,0.75,1.75:-0.33333,-1.0,-0.29825,-0.89474,-0.26316,-0.78947,-0.22807,-0.68421,-0.19298,-0.57895,-0.15789,-0.47368,-0.12281,-0.36842,-0.08772,-0.26316,-0.05263,-0.15789,-0.01754,-0.05263,0.01754,0.05263,0.05263,0.15789,0.08772,0.26316,0.12281,0.36842,0.15789,0.47368,0.19298,0.57895,0.22807,0.68421,0.26316,0.78947,0.29825,0.89474,0.33333,1.0
added:0.25,2.25,0.32895,2.17105,0.40789,2.09211,0.48684,2.01316,0.56579,1.93421,0.64474,1.85526,0.72368,1.77632,0.69737,1.69737,0.61842,1.61842,0.53947,1.53947,0.46053,1.46053,0.38158,1.38158,0.30263,1.30263,0.27632,1.27632,0.35526,1.35526,0.43421,1.43421,0.51316,1.51316,0.59211,1.59211,0.67105,1.67105,0.75,1.75:-0.51351,1.0,-0.35135,0.83784,-0.18919,0.67568,-0.02703,0.51351,0.13514,0.35135,0.2973,0.18919,0.45946,0.02703,0.40541,-0.13514,0.24324,-0.2973,0.08108,-0.45946,-0.08108,-0.62162,-0.24324,-0.78378,-0.40541,-0.94595,-0.45946,-1.0,-0.2973,-0.83784,-0.13514,-0.67568,0.02703,-0.51351,0.18919,-0.35135,0.35135,-0.18919,0.51351,-0.02703
head:0.75,0.75,0.66015,0.83985,0.5703,0.9297,0.48046,1.01954,0.39061,1.10939,0.30076,1.19924,0.25,1.30528,0.25,1.43234,0.25,1.5594,0.25,1.68647,0.25,1.81353,0.25,1.9406,0.25,2.06766,0.25,2.19472,0.30076,2.19924,0.39061,2.10939,0.48046,2.01954,0.5703,1.9297,0.66015,1.83985,0.75,1.75:0.34501,-1.0,0.22102,-0.87601,0.09702,-0.75201,-0.02697,-0.62802,-0.15096,-0.50403,-0.27496,-0.38003,-0.34501,-0.2337,-0.34501,-0.05835,-0.34501,0.11701,-0.34501,0.29236,-0.34501,0.46771,-0.34501,0.64306,-0.34501,0.81842,-0.34501,0.99377,-0.27496,1.0,-0.15096,0.87601,-0.02697,0.75201,0.09702,0.62802,0.22102,0.50403,0.34501,0.38003
feb:0.75,1.25,0.66484,1.25,0.57968,1.25,0.49452,1.25,0.40936,1.25,0.3242,1.25,0.2549,1.2598,0.29299,1.33597,0.33107,1.41214,0.36915,1.48831,0.40724,1.56448,0.44532,1.64065,0.48341,1.71682,0.52149,1.79299,0.55958,1.86915,0.59766,1.94532,0.63575,2.02149,0.67383,2.09766,0.71192,2.17383,0.75,2.25:0.4951,-1.0,0.32478,-1.0,0.15446,-1.0,-0.01586,-1.0,-0.18618,-1.0,-0.3565,-1.0,-0.4951,-0.9804,-0.41893,-0.82806,-0.34276,-0.67572,-0.26659,-0.52338,-0.19042,-0.37104,-0.11425,-0.21871,-0.03808,-0.06637,0.03808,0.08597,0.11425,0.23831,0.19042,0.39065,0.26659,0.54299,0.34276,0.69532,0.41893,0.84766,0.4951,1.0
beach:0.75,2.25,0.66206,2.07412,0.57412,1.89825,0.48619,1.72237,0.39825,1.5465,0.31031,1.37062,0.25,1.31178,0.25,1.50841,0.25,1.70505,0.25,1.90168,0.25,2.09832,0.25,2.20505,0.25,2.00841,0.25,1.81178,0.31031,1.62938,0.39825,1.4535,0.48619,1.27763,0.57412,1.10175,0.66206,0.92588,0.75,0.75:0.33333,1.0,0.21608,0.7655,0.09883,0.531,-0.01842,0.2965,-0.13567,0.062,-0.25292,-0.17251,-0.33333,-0.25096,-0.33333,0.01122,-0.33333,0.2734,-0.33333,0.53558,-0.33333,0.79776,-0.33333,0.94006,-0.33333,0.67788,-0.33333,0.4157,-0.25292,0.17251,-0.13567,-0.062,-0.01842,-0.2965,0.09883,-0.531,0.21608,-0.7655,0.33333,-1.0
bad:0.75,2.25,0.68647,2.25,0.62294,2.25,0.5594,2.25,0.49587,2.25,0.43234,2.25,0.36881,2.25,0.30528,2.25,0.25584,2.24416,0.30076,2.19924,0.34569,2.15431,0.39061,2.10939,0.43553,2.06447,0.48046,2.01954,0.52538,1.97462,0.5703,1.9297,0.61523,1.88477,0.66015,1.83985,0.70508,1.79492,0.75,1.75:0.98832,1.0,0.7342,1.0,0.48007,1.0,0.22594,1.0,-0.02819,1.0,-0.28231,1.0,-0.53644,1.0,-0.79057,1.0,-0.98832,0.97665,-0.80863,0.79695,-0.62893,0.61726,-0.44924,0.43756,-0.26954,0.25787,-0.08985,0.07817,0.08985,-0.10152,0.26954,-0.28122,0.44924,-0.46091,0.62893,-0.64061,0.80863,-0.8203,0.98832,-1.0
face:0.75,1.25,0.70015,1.34971,0.65029,1.44941,0.60044,1.54912,0.55059,1.64883,0.50073,1.74853,0.45088,1.84824,0.40103,1.94795,0.35117,2.04765,0.30132,2.14736,0.25147,2.24707,0.25,2.1418,0.25,2.03033,0.25,1.91885,0.25,1.80738,0.25,1.6959,0.25,1.58443,0.25,1.47295,0.25,1.36148,0.25,1.25:0.50147,-1.0,0.40147,-0.8,0.30147,-0.6,0.20147,-0.4,0.10147,-0.2,0.00147,0.0,-0.09853,0.2,-0.19853,0.4,-0.29853,0.6,-0.39853,0.8,-0.49853,1.0,-0.50147,0.78885,-0.50147,0.56525,-0.50147,0.34164,-0.50147,0.11803,-0.50147,-0.10557,-0.50147,-0.32918,-0.50147,-0.55279,-0.50147,-0.77639,-0.50147,-1.0
ad:0.25,2.25,0.27632,2.22368,0.30263,2.19737,0.32895,2.17105,0.35526,2.14474,0.38158,2.11842,0.40789,2.09211,0.43421,2.06579,0.46053,2.03947,0.48684,2.01316,0.51316,1.98684,0.53947,1.96053,0.56579,1.93421,0.59211,1.90789,0.61842,1.88158,0.64474,1.85526,0.67105,1.82895,0.69737,1.80263,0.72368,1.77632,0.75,1.75:-1.0,1.0,-0.89474,0.89474,-0.78947,0.78947,-0.68421,0.68421,-0.57895,0.57895,-0.47368,0.47368,-0.36842,0.36842,-0.26316,0.26316,-0.15789,0.15789,-0.05263,0.05263,0.05263,-0.05263,0.15789,-0.15789,0.26316,-0.26316,0.36842,-0.36842,0.47368,-0.47368,0.57895,-0.57895,0.68421,-0.68421,0.78947,-0.78947,0.89474,-0.89474,1.0,-1.0
dc:0.75,1.75,0.72368,1.75,0.69737,1.75,0.67105,1.75,0.64474,1.75,0.61842,1.75,0.59211,1.75,0.56579,1.75,0.53947,1.75,0.51316,1.75,0.48684,1.75,0.46053,1.75,0.43421,1.75,0.40789,1.75,0.38158,1.75,0.35526,1.75,0.32895,1.75,0.30263,1.75,0.27632,1.75,0.25,1.75:1.0,0.0,0.89474,0.0,0.78947,0.0,0.68421,0.0,0.57895,0.0,0.47368,0.0,0.36842,0.0,0.26316,0.0,0.15789,0.0,0.05263,0.0,-0.05263,0.0,-0.15789,0.0,-0.26316,0.0,-0.36842,0.0,-0.47368,0.0,-0.57895,0.0,-0.68421,0.0,-0.78947,0.0,-0.89474,0.0,-1.0,0.0
bid:0.75,2.25,0.7035,2.064,0.657,1.87801,0.6105,1.69201,0.564,1.50601,0.5175,1.32002,0.47101,1.13402,0.42451,0.94803,0.37801,0.76203,0.33151,0.57603,0.28501,0.39004,0.26498,0.29494,0.32561,0.47682,0.38624,0.65871,0.44686,0.84059,0.50749,1.02247,0.56812,1.20435,0.62875,1.38624,0.68937,1.56812,0.75,1.75:0.24808,1.0,0.20052,0.80973,0.15295,0.61946,0.10538,0.42918,0.05781,0.23891,0.01024,0.04864,-0.03732,-0.14163,-0.08489,-0.3319,-0.13246,-0.52218,-0.18003,-0.71245,-0.2276,-0.90272,-0.24808,-1.0,-0.18606,-0.81394,-0.12404,-0.62787,-0.06202,-0.44181,-0.0,-0.25575,0.06202,-0.06968,0.12404,0.11638,0.18606,0.30244,0.24808,0.48851
hi:0.75,0.75,0.72368,0.72368,0.69737,0.69737,0.67105,0.67105,0.64474,0.64474,0.61842,0.61842,0.59211,0.59211,0.56579,0.56579,0.53947,0.53947,0.51316,0.51316,0.48684,0.48684,0.46053,0.46053,0.43421,0.43421,0.40789,0.40789,0.38158,0.38158,0.35526,0.35526,0.32895,0.32895,0.30263,0.30263,0.27632,0.27632,0.25,0.25:1.0,1.0,0.89474,0.89474,0.78947,0.78947,0.68421,0.68421,0.57895,0.57895,0.47368,0.47368,0.36842,0.36842,0.26316,0.26316,0.15789,0.15789,0.05263,0.05263,-0.05263,-0.05263,-0.15789,-0.15789,-0.26316,-0.26316,-0.36842,-0.36842,-0.47368,-0.47368,-0.57895,-0.57895,-0.68421,-0.68421,-0.78947,-0.78947,-0.89474,-0.89474,-1.0,-1.0
idea:0.25,0.25,0.30473,0.41418,0.35946,0.57837,0.41418,0.74255,0.46891,0.90674,0.52364,1.07092,0.57837,1.23511,0.6331,1.39929,0.68783,1.56348,0.74255,1.72766,0.64428,1.64428,0.5219,1.5219,0.39952,1.39952,0.27715,1.27715,0.25,1.38467,0.25,1.55774,0.25,1.7308,0.25,1.90387,0.25,2.07693,0.25,2.25:-0.24628,-1.0,-0.19155,-0.83582,-0.13682,-0.67163,-0.08209,-0.50745,-0.02736,-0.34326,0.02736,-0.17908,0.08209,-0.01489,0.13682,0.14929,0.19155,0.31348,0.24628,0.47766,0.148,0.39428,0.02562,0.2719,-0.09675,0.14952,-0.21913,0.02715,-0.24628,0.13467,-0.24628,0.30774,-0.24628,0.4808,-0.24628,0.65387,-0.24628,0.82693,-0.24628,1.0
eg:0.25,1.25,0.25,1.22368,0.25,1.19737,0.25,1.17105,0.25,1.14474,0.25,1.11842,0.25,1.09211,0.25,1.06579,0.25,1.03947,0.25,1.01316,0.25,0.98684,0.25,0.96053,0.25,0.93421,0.25,0.90789,0.25,0.88158,0.25,0.85526,0.25,0.82895,0.25,0.80263,0.25,0.77632,0.25,0.75:0.0,1.0,0.0,0.89474,0.0,0.78947,0.0,0.68421,0.0,0.57895,0.0,0.47368,0.0,0.36842,0.0,0.26316,0.0,0.15789,0.0,0.05263,0.0,-0.05263,0.0,-0.15789,0.0,-0.26316,0.0,-0.36842,0.0,-0.47368,0.0,-0.57895,0.0,-0.68421,0.0,-0.78947,0.0,-0.89474,0.0,-1.0
bed:0.75,2.25,0.70704,2.16408,0.66408,2.07816,0.62112,1.99224,0.57816,1.90633,0.5352,1.82041,0.49224,1.73449,0.44928,1.64857,0.40633,1.56265,0.36337,1.47673,0.32041,1.39081,0.27745,1.30489,0.27453,1.27453,0.34245,1.34245,0.41038,1.41038,0.4783,1.4783,0.54623,1.54623,0.61415,1.61415,0.68208,1.68208,0.75,1.75:0.48743,1.0,0.39935,0.82384,0.31127,0.64768,0.22319,0.47153,0.13511,0.29537,0.04703,0.11921,-0.04105,-0.05695,-0.12913,-0.23311,-0.2172,-0.40926,-0.30528,-0.58542,-0.39336,-0.76158,-0.48144,-0.93774,-0.48743,-1.0,-0.34816,-0.86073,-0.2089,-0.72147,-0.06963,-0.5822,0.06963,-0.44294,0.2089,-0.30367,0.34816,-0.16441,0.48743,-0.02514
feed:0.75,1.25,0.68647,1.25,0.62294,1.25,0.5594,1.25,0.49587,1.25,0.43234,1.25,0.36881,1.25,0.30528,1.25,0.25584,1.25584,0.30076,1.30076,0.34569,1.34569,0.39061,1.39061,0.43553,1.43553,0.48046,1.48046,0.52538,1.52538,0.5703,1.5703,0.61523,1.61523,0.66015,1.66015,0.70508,1.70508,0.75,1.75:0.98832,-1.0,0.7342,-1.0,0.48007,-1.0,0.22594,-1.0,-0.02819,-1.0,-0.28231,-1.0,-0.53644,-1.0,-0.79057,-1.0,-0.98832,-0.97665,-0.80863,-0.79695,-0.62893,-0.61726,-0.44924,-0.43756,-0.26954,-0.25787,-0.08985,-0.07817,0.08985,0.10152,0.26954,0.28122,0.44924,0.46091,0.62893,0.64061,0.80863,0.8203,0.98832,1.0
ie:0.25,0.25,0.25,0.30263,0.25,0.35526,0.25,0.40789,0.25,0.46053,0.25,0.51316,0.25,0.56579,0.25,0.61842,0.25,0.67105,0.25,0.72368,0.25,0.77632,0.25,0.82895,0.25,0.88158,0.25,0.93421,0.25,0.98684,0.25,1.03947,0.25,1.09211,0.25,1.14474,0.25,1.19737,0.25,1.25:0.0,-1.0,0.0,-0.89474,0.0,-0.78947,0.0,-0.68421,0.0,-0.57895,0.0,-0.47368,0.0,-0.36842,0.0,-0.26316,0.0,-0.15789,0.0,-0.05263,0.0,0.05263,0.0,0.15789,0.0,0.26316,0.0,0.36842,0.0,0.47368,0.0,0.57895,0.0,0.68421,0.0,0.78947,0.0,0.89474,0.0,1.0
ed:0.25,1.25,0.27632,1.27632,0.30263,1.30263,0.32895,1.32895,0.35526,1.35526,0.38158,1.38158,0.40789,1.40789,0.43421,1.43421,0.46053,1.46053,0.48684,1.48684,0.51316,1.51316,0.53947,1.53947,0.56579,1.56579,0.59211,1.59211,0.61842,1.61842,0.64474,1.64474,0.67105,1.67105,0.69737,1.69737,0.72368,1.72368,0.75,1.75:-1.0,-1.0,-0.89474,-0.89474,-0.78947,-0.78947,-0.68421,-0.68421,-0.57895,-0.57895,-0.47368,-0.47368,-0.36842,-0.36842,-0.26316,-0.26316,-0.15789,-0.15789,-0.05263,-0.05263,0.05263,0.05263,0.15789,0.15789,0.26316,0.26316,0.36842,0.36842,0.47368,0.47368,0.57895,0.57895,0.68421,0.68421,0.78947,0.78947,0.89474,0.89474,1.0,1.0
fee:0.75,1.25,0.72368,1.25,0.69737,1.25,0.67105,1.25,0.64474,1.25,0.61842,1.25,0.59211,1.25,0.56579,1.25,0.53947,1.25,0.51316,1.25,0.48684,1.25,0.46053,1.25,0.43421,1.25,0.40789,1.25,0.38158,1.25,0.35526,1.25,0.32895,1.25,0.30263,1.25,0.27632,1.25,0.25,1.25:1.0,0.0,0.89474,0.0,0.78947,0.0,0.68421,0.0,0.57895,0.0,0.47368,0.0,0.36842,0.0,0.26316,0.0,0.15789,0.0,0.05263,0.0,-0.05263,0.0,-0.15789,0.0,-0.26316,0.0,-0.36842,0.0,-0.47368,0.0,-0.57895,0.0,-0.68421,0.0,-0.78947,0.0,-0.89474,0.0,-1.0,0.0
aid:0.25,2.25,0.25,2.06152,0.25,1.87304,0.25,1.68456,0.25,1.49608,0.25,1.3076,0.25,1.11911,0.25,0.93063,0.25,0.74215,0.25,0.55367,0.25,0.36519,0.27318,0.31953,0.33278,0.49834,0.39238,0.67715,0.45199,0.85596,0.51159,1.03476,0.57119,1.21357,0.63079,1.39238,0.6904,1.57119,0.75,1.75:-0.259,1.0,-0.259,0.80473,-0.259,0.60946,-0.259,0.41419,-0.259,0.21892,-0.259,0.02365,-0.259,-0.17162,-0.259,-0.36689,-0.259,-0.56216,-0.259,-0.75743,-0.259,-0.9527,-0.23499,-1.0,-0.17324,-0.81475,-0.11149,-0.6295,-0.04974,-0.44425,0.01201,-0.259,0.07376,-0.07376,0.1355,0.11149,0.19725,0.29674,0.259,0.48199
dead:0.75,1.75,0.66015,1.66015,0.5703,1.5703,0.48046,1.48046,0.39061,1.39061,0.30076,1.30076,0.25,1.30528,0.25,1.43234,0.25,1.5594,0.25,1.68647,0.25,1.81353,0.25,1.9406,0.25,2.06766,0.25,2.19472,0.30076,2.19924,0.39061,2.10939,0.48046,2.01954,0.5703,1.9297,0.66015,1.83985,0.75,1.75:0.5565,0.0,0.3565,-0.2,0.1565,-0.4,-0.0435,-0.6,-0.2435,-0.8,-0.4435,-1.0,-0.5565,-0.98995,-0.5565,-0.70711,-0.5565,-0.42426,-0.5565,-0.14142,-0.5565,0.14142,-0.5565,0.42426,-0.5565,0.70711,-0.5565,0.98995,-0.4435,1.0,-0.2435,0.8,-0.0435,0.6,0.1565,0.4,0.3565,0.2,0.5565,0.0
die:0.75,1.75,0.70704,1.62112,0.66408,1.49224,0.62112,1.36337,0.57816,1.23449,0.5352,1.10561,0.49224,0.97673,0.44928,0.84785,0.40633,0.71898,0.36337,0.5901,0.32041,0.46122,0.27745,0.33234,0.25,0.29905,0.25,0.4349,0.25,0.57075,0.25,0.7066,0.25,0.84245,0.25,0.9783,0.25,1.11415,0.25,1.25:0.3446,1.0,0.28539,0.82235,0.22617,0.64471,0.16696,0.46706,0.10774,0.28941,0.04852,0.11177,-0.01069,-0.06588,-0.06991,-0.24353,-0.12912,-0.42118,-0.18834,-0.59882,-0.24755,-0.77647,-0.30677,-0.95412,-0.3446,-1.0,-0.3446,-0.81274,-0.3446,-0.62549,-0.3446,-0.43823,-0.3446,-0.25097,-0.3446,-0.06372,-0.3446,0.12354,-0.3446,0.31079
chief:0.25,1.75,0.32827,1.59347,0.40653,1.43694,0.4848,1.28041,0.56306,1.12387,0.64133,0.96734,0.71959,0.81081,0.67433,0.67433,0.55058,0.55058,0.42683,0.42683,0.30308,0.30308,0.25,0.34994,0.25,0.52495,0.25,0.69996,0.25,0.87496,0.25,1.04997,0.25,1.22498,0.39999,1.25,0.57499,1.25,0.75,1.25:-0.34556,1.0,-0.23738,0.78364,-0.1292,0.56727,-0.02101,0.35091,0.08717,0.13454,0.19535,-0.08182,0.30353,-0.29819,0.24096,-0.48685,0.06991,-0.6579,-0.10114,-0.82895,-0.27219,-1.0,-0.34556,-0.93523,-0.34556,-0.69332,-0.34556,-0.45142,-0.34556,-0.20952,-0.34556,0.03239,-0.34556,0.27429,-0.13825,0.30888,0.10366,0.30888,0.34556,0.30888
edge:0.25,1.25,0.33653,1.33653,0.42307,1.42307,0.5096,1.5096,0.59613,1.59613,0.68266,1.68266,0.73786,1.72572,0.68313,1.61626,0.6284,1.50681,0.57367,1.39735,0.51895,1.28789,0.46422,1.17844,0.40949,1.06898,0.35476,0.95952,0.30003,0.85007,0.25,0.7605,0.25,0.88287,0.25,1.00525,0.25,1.12762,0.25,1.25:-0.50544,0.01428,-0.32614,0.19358,-0.14683,0.37289,0.03247,0.55219,0.21177,0.73149,0.39107,0.91079,0.50544,1.0,0.39204,0.7732,0.27864,0.5464,0.16524,0.3196,0.05184,0.0928,-0.06156,-0.134,-0.17496,-0.3608,-0.28836,-0.5876,-0.40176,-0.8144,-0.50544,-1.0,-0.50544,-0.74643,-0.50544,-0.49286,-0.50544,-0.23929,-0.50544,0.01428
fi:0.75,1.25,0.72368,1.19737,0.69737,1.14474,0.67105,1.09211,0.64474,1.03947,0.61842,0.98684,0.59211,0.93421,0.56579,0.88158,0.53947,0.82895,0.51316,0.77632,0.48684,0.72368,0.46053,0.67105,0.43421,0.61842,0.40789,0.56579,0.38158,0.51316,0.35526,0.46053,0.32895,0.40789,0.30263,0.35526,0.27632,0.30263,0.25,0.25:0.5,1.0,0.44737,0.89474,0.39474,0.78947,0.34211,0.68421,0.28947,0.57895,0.23684,0.47368,0.18421,0.36842,0.13158,0.26316,0.07895,0.15789,0.02632,0.05263,-0.02632,-0.05263,-0.07895,-0.15789,-0.13158,-0.26316,-0.18421,-0.36842,-0.23684,-0.47368,-0.28947,-0.57895,-0.34211,-0.68421,-0.39474,-0.78947,-0.44737,-0.89474,-0.5,-1.0
ice:0.25,0.25,0.25,0.35526,0.25,0.46053,0.25,0.56579,0.25,0.67105,0.25,0.77632,0.25,0.88158,0.25,0.98684,0.25,1.09211,0.25,1.19737,0.25,1.30263,0.25,1.40789,0.25,1.51316,0.25,1.61842,0.25,1.72368,0.25,1.67105,0.25,1.56579,0.25,1.46053,0.25,1.35526,0.25,1.25:0.0,-1.0,0.0,-0.85714,0.0,-0.71429,0.0,-0.57143,0.0,-0.42857,0.0,-0.28571,0.0,-0.14286,0.0,0.0,0.0,0.14286,0.0,0.28571,0.0,0.42857,0.0,0.57143,0.0,0.71429,0.0,0.85714,0.0,1.0,0.0,0.92857,0.0,0.78571,0.0,0.64286,0.0,0.5,0.0,0.35714
bag:0.75,2.25,0.64474,2.25,0.53947,2.25,0.43421,2.25,0.32895,2.25,0.25,2.22368,0.25,2.11842,0.25,2.01316,0.25,1.90789,0.25,1.80263,0.25,1.69737,0.25,1.59211,0.25,1.48684,0.25,1.38158,0.25,1.27632,0.25,1.17105,0.25,1.06579,0.25,0.96053,0.25,0.85526,0.25,0.75:0.33333,1.0,0.19298,1.0,0.05263,1.0,-0.08772,1.0,-0.22807,1.0,-0.33333,0.96491,-0.33333,0.82456,-0.33333,0.68421,-0.33333,0.54386,-0.33333,0.40351,-0.33333,0.26316,-0.33333,0.12281,-0.33333,-0.01754,-0.33333,-0.15789,-0.33333,-0.29825,-0.33333,-0.4386,-0.33333,-0.57895,-0.33333,-0.7193,-0.33333,-0.85965,-0.33333,-1.0
di:0.75,1.75,0.72368,1.67105,0.69737,1.59211,0.67105,1.51316,0.64474,1.43421,0.61842,1.35526,0.59211,1.27632,0.56579,1.19737,0.53947,1.11842,0.51316,1.03947,0.48684,0.96053,0.46053,0.88158,0.43421,0.80263,0.40789,0.72368,0.38158,0.64474,0.35526,0.56579,0.32895,0.48684,0.30263,0.40789,0.27632,0.32895,0.25,0.25:0.33333,1.0,0.29825,0.89474,0.26316,0.78947,0.22807,0.68421,0.19298,0.57895,0.15789,0.47368,0.12281,0.36842,0.08772,0.26316,0.05263,0.15789,0.01754,0.05263,-0.01754,-0.05263,-0.05263,-0.15789,-0.08772,-0.26316,-0.12281,-0.36842,-0.15789,-0.47368,-0.19298,-0.57895,-0.22807,-0.68421,-0.26316,-0.78947,-0.29825,-0.89474,-0.33333,-1.0
ga:0.25,0.75,0.25,0.82895,0.25,0.90789,0.25,0.98684,0.25,1.06579,0.25,1.14474,0.25,1.22368,0.25,1.30263,0.25,1.38158,0.25,1.46053,0.25,1.53947,0.25,1.61842,0.25,1.69737,0.25,1.77632,0.25,1.85526,0.25,1.93421,0.25,2.01316,0.25,2.09211,0.25,2.17105,0.25,2.25:0.0,-1.0,0.0,-0.89474,0.0,-0.78947,0.0,-0.68421,0.0,-0.57895,0.0,-0.47368,0.0,-0.36842,0.0,-0.26316,0.0,-0.15789,0.0,-0.05263,0.0,0.05263,0.0,0.15789,0.0,0.26316,0.0,0.36842,0.0,0.47368,0.0,0.57895,0.0,0.68421,0.0,0.78947,0.0,0.89474,0.0,1.0
ac:0.25,2.25,0.25,2.22368,0.25,2.19737,0.25,2.17105,0.25,2.14474,0.25,2.11842,0.25,2.09211,0.25,2.06579,0.25,2.03947,0.25,2.01316,0.25,1.98684,0.25,1.96053,0.25,1.93421,0.25,1.90789,0.25,1.88158,0.25,1.85526,0.25,1.82895,0.25,1.80263,0.25,1.77632,0.25,1.75:0.0,1.0,0.0,0.89474,0.0,0.78947,0.0,0.68421,0.0,0.57895,0.0,0.47368,0.0,0.36842,0.0,0.26316,0.0,0.15789,0.0,0.05263,0.0,-0.05263,0.0,-0.15789,0.0,-0.26316,0.0,-0.36842,0.0,-0.47368,0.0,-0.57895,0.0,-0.68421,0.0,-0.78947,0.0,-0.89474,0.0,-1.0
died:0.75,1.75,0.69527,1.58582,0.64054,1.42163,0.58582,1.25745,0.53109,1.09326,0.47636,0.92908,0.42163,0.76489,0.3669,0.60071,0.31217,0.43652,0.25745,0.27234,0.25,0.39952,0.25,0.57258,0.25,0.74565,0.25,0.91871,0.25,1.09178,0.2605,1.2605,0.38287,1.38287,0.50525,1.50525,0.62762,1.62762,0.75,1.75:0.33837,1.0,0.2643,0.77778,0.19022,0.55556,0.11615,0.33333,0.04208,0.11111,-0.032,-0.11111,-0.10607,-0.33333,-0.18015,-0.55556,-0.25422,-0.77778,-0.32829,-1.0,-0.33837,-0.82787,-0.33837,-0.59363,-0.33837,-0.35938,-0.33837,-0.12514,-0.33837,0.1091,-0.32417,0.33746,-0.15853,0.5031,0.0071,0.66873,0.17274,0.83437,0.33837,1.0
dj:0.75,1.75,0.75,1.67105,0.75,1.59211,0.75,1.51316,0.75,1.43421,0.75,1.35526,0.75,1.27632,0.75,1.19737,0.75,1.11842,0.75,1.03947,0.75,0.96053,0.75,0.88158,0.75,0.80263,0.75,0.72368,0.75,0.64474,0.75,0.56579,0.75,0.48684,0.75,0.40789,0.75,0.32895,0.75,0.25:0.0,1.0,0.0,0.89474,0.0,0.78947,0.0,0.68421,0.0,0.57895,0.0,0.47368,0.0,0.36842,0.0,0.26316,0.0,0.15789,0.0,0.05263,0.0,-0.05263,0.0,-0.15789,0.0,-0.26316,0.0,-0.36842,0.0,-0.47368,0.0,-0.57895,0.0,-0.68421,0.0,-0.78947,0.0,-0.89474,0.0,-1.0
da:0.75,1.75,0.72368,1.77632,0.69737,1.80263,0.67105,1.82895,0.64474,1.85526,0.61842,1.88158,0.59211,1.90789,0.56579,1.93421,0.53947,1.96053,0.51316,1.98684,0.48684,2.01316,0.46053,2.03947,0.43421,2.06579,0.40789,2.09211,0.38158,2.11842,0.35526,2.14474,0.32895,2.17105,0.30263,2.19737,0.27632,2.22368,0.25,2.25:1.0,-1.0,0.89474,-0.89474,0.78947,-0.78947,0.68421,-0.68421,0.57895,-0.57895,0.47368,-0.47368,0.36842,-0.36842,0.26316,-0.26316,0.15789,-0.15789,0.05263,-0.05263,-0.05263,0.05263,-0.15789,0.15789,-0.26316,0.26316,-0.36842,0.36842,-0.47368,0.47368,-0.57895,0.57895,-0.68421,0.68421,-0.78947,0.78947,-0.89474,0.89474,-1.0,1.0
decided:0.75,1.75,0.53778,1.53778,0.32555,1.32555,0.25,1.44328,0.25,1.74341,0.25,1.45646,0.25,1.15633,0.25,0.8562,0.25,0.55607,0.25,0.25594,0.34303,0.52909,0.43794,0.81382,0.53285,1.09855,0.62776,1.38327,0.72267,1.668,0.59889,1.59889,0.38667,1.38667,0.32555,1.32555,0.53778,1.53778,0.75,1.75:0.33466,1.0,0.05057,0.71591,-0.23352,0.43182,-0.33466,0.58942,-0.33466,0.99118,-0.33466,0.60706,-0.33466,0.20529,-0.33466,-0.19647,-0.33466,-0.59824,-0.33466,-1.0,-0.21013,-0.63435,-0.08308,-0.25321,0.04397,0.12794,0.17102,0.50909,0.29807,0.89023,0.13238,0.79772,-0.15171,0.51363,-0.23352,0.43182,0.05057,0.71591,0.33466,1.0
acid:0.25,2.25,0.25,2.06152,0.25,1.87304,0.25,1.68456,0.25,1.49608,0.25,1.3076,0.25,1.11911,0.25,0.93063,0.25,0.74215,0.25,0.55367,0.25,0.36519,0.27318,0.31953,0.33278,0.49834,0.39238,0.67715,0.45199,0.85596,0.51159,1.03476,0.57119,1.21357,0.63079,1.39238,0.6904,1.57119,0.75,1.75:-0.259,1.0,-0.259,0.80473,-0.259,0.60946,-0.259,0.41419,-0.259,0.21892,-0.259,0.02365,-0.259,-0.17162,-0.259,-0.36689,-0.259,-0.56216,-0.259,-0.75743,-0.259,-0.9527,-0.23499,-1.0,-0.17324,-0.81475,-0.11149,-0.6295,-0.04974,-0.44425,0.01201,-0.259,0.07376,-0.07376,0.1355,0.11149,0.19725,0.29674,0.259,0.48199
gb:0.25,0.75,0.27632,0.82895,0.30263,0.90789,0.32895,0.98684,0.35526,1.06579,0.38158,1.14474,0.40789,1.22368,0.43421,1.30263,0.46053,1.38158,0.48684,1.46053,0.51316,1.53947,0.53947,1.61842,0.56579,1.69737,0.59211,1.77632,0.61842,1.85526,0.64474,1.93421,0.67105,2.01316,0.69737,2.09211,0.72368,2.17105,0.75,2.25:-0.33333,-1.0,-0.29825,-0.89474,-0.26316,-0.78947,-0.22807,-0.68421,-0.19298,-0.57895,-0.15789,-0.47368,-0.12281,-0.36842,-0.08772,-0.26316,-0.05263,-0.15789,-0.01754,-0.05263,0.01754,0.05263,0.05263,0.15789,0.08772,0.26316,0.12281,0.36842,0.15789,0.47368,0.19298,0.57895,0.22807,0.68421,0.26316,0.78947,0.29825,0.89474,0.33333,1.0
bc:0.75,2.25,0.72368,2.22368,0.69737,2.19737,0.67105,2.17105,0.64474,2.14474,0.61842,2.11842,0.59211,2.09211,0.56579,2.06579,0.53947,2.03947,0.51316,2.01316,0.48684,1.98684,0.46053,1.96053,0.43421,1.93421,0.40789,1.90789,0.38158,1.88158,0.35526,1.85526,0.32895,1.82895,0.30263,1.80263,0.27632,1.77632,0.25,1.75:1.0,1.0,0.89474,0.89474,0.78947,0.78947,0.68421,0.68421,0.57895,0.57895,0.47368,0.47368,0.36842,0.36842,0.26316,0.26316,0.15789,0.15789,0.05263,0.05263,-0.05263,-0.05263,-0.15789,-0.15789,-0.26316,-0.26316,-0.36842,-0.36842,-0.47368,-0.47368,-0.57895,-0.57895,-0.68421,-0.68421,-0.78947,-0.78947,-0.89474,-0.89474,-1.0,-1.0
ch:0.25,1.75,0.27632,1.69737,0.30263,1.64474,0.32895,1.59211,0.35526,1.53947,0.38158,1.48684,0.40789,1.43421,0.43421,1.38158,0.46053,1.32895,0.48684,1.27632,0.51316,1.22368,0.53947,1.17105,0.56579,1.11842,0.59211,1.06579,0.61842,1.01316,0.64474,0.96053,0.67105,0.90789,0.69737,0.85526,0.72368,0.80263,0.75,0.75:-0.5,1.0,-0.44737,0.89474,-0.39474,0.78947,-0.34211,0.68421,-0.28947,0.57895,-0.23684,0.47368,-0.18421,0.36842,-0.13158,0.26316,-0.07895,0.15789,-0.02632,0.05263,0.02632,-0.05263,0.07895,-0.15789,0.13158,-0.26316,0.18421,-0.36842,0.23684,-0.47368,0.28947,-0.57895,0.34211,-0.68421,0.39474,-0.78947,0.44737,-0.89474,0.5,-1.0
ahead:0.25,2.25,0.3165,2.05051,0.38299,1.85102,0.44949,1.65153,0.51599,1.45204,0.58248,1.25255,0.64898,1.05306,0.71548,0.85356,0.6785,0.8215,0.52981,0.97019,0.38112,1.11888,0.25,1.27485,0.25,1.48513,0.25,1.69542,0.25,1.9057,0.25,2.11598,0.30393,2.19607,0.45262,2.04738,0.60131,1.89869,0.75,1.75:-0.35002,1.0,-0.25692,0.7207,-0.16382,0.4414,-0.07072,0.1621,0.02238,-0.1172,0.11548,-0.3965,0.20858,-0.6758,0.30168,-0.95511,0.24991,-1.0,0.04174,-0.79182,-0.16644,-0.58364,-0.35002,-0.36527,-0.35002,-0.07086,-0.35002,0.22354,-0.35002,0.51795,-0.35002,0.81236,-0.27452,0.9245,-0.06634,0.71632,0.14184,0.50814,0.35002,0.29997
bbc:0.75,2.25,0.72368,2.22368,0.69737,2.19737,0.67105,2.17105,0.64474,2.14474,0.61842,2.11842,0.59211,2.09211,0.56579,2.06579,0.53947,2.03947,0.51316,2.01316,0.48684,1.98684,0.46053,1.96053,0.43421,1.93421,0.40789,1.90789,0.38158,1.88158,0.35526,1.85526,0.32895,1.82895,0.30263,1.80263,0.27632,1.77632,0.25,1.75:1.0,1.0,0.89474,0.89474,0.78947,0.78947,0.68421,0.68421,0.57895,0.57895,0.47368,0.47368,0.36842,0.36842,0.26316,0.26316,0.15789,0.15789,0.05263,0.05263,-0.05263,-0.05263,-0.15789,-0.15789,-0.26316,-0.26316,-0.36842,-0.36842,-0.47368,-0.47368,-0.57895,-0.57895,-0.68421,-0.68421,-0.78947,-0.78947,-0.89474,-0.89474,-1.0,-1.0
hide:0.75,0.75,0.63852,0.63852,0.52705,0.52705,0.41557,0.41557,0.3041,0.3041,0.27566,0.32698,0.32551,0.47654,0.37537,0.6261,0.42522,0.77566,0.47507,0.92522,0.52493,1.07478,0.57478,1.22434,0.62463,1.3739,0.67449,1.52346,0.72434,1.67302,0.6959,1.6959,0.58443,1.58443,0.47295,1.47295,0.36148,1.36148,0.25,1.25:0.35925,-0.35925,0.19906,-0.51943,0.03887,-0.67962,-0.12132,-0.83981,-0.28151,-1.0,-0.32237,-0.96712,-0.25073,-0.7522,-0.1791,-0.53729,-0.10746,-0.32237,-0.03582,-0.10746,0.03582,0.10746,0.10746,0.32237,0.1791,0.53729,0.25073,0.7522,0.32237,0.96712,0.28151,1.0,0.12132,0.83981,-0.03887,0.67962,-0.19906,0.51943,-0.35925,0.35925
diff:0.75,1.75,0.70508,1.61523,0.66015,1.48046,0.61523,1.34569,0.5703,1.21091,0.52538,1.07614,0.48046,0.94137,0.43553,0.8066,0.39061,0.67183,0.34569,0.53706,0.30076,0.40228,0.25584,0.26751,0.30528,0.36055,0.36881,0.48762,0.43234,0.61468,0.49587,0.74174,0.5594,0.86881,0.62294,0.99587,0.68647,1.12294,0.75,1.25:0.33333,1.0,0.27273,0.81818,0.21212,0.63636,0.15152,0.45455,0.09091,0.27273,0.0303,0.09091,-0.0303,-0.09091,-0.09091,-0.27273,-0.15152,-0.45455,-0.21212,-0.63636,-0.27273,-0.81818,-0.33333,-1.0,-0.26664,-0.87448,-0.18093,-0.70306,-0.09522,-0.53164,-0.00951,-0.36022,0.0762,-0.1888,0.16191,-0.01738,0.24762,0.15404,0.33333,0.32546
acc:0.25,2.25,0.25,2.22368,0.25,2.19737,0.25,2.17105,0.25,2.14474,0.25,2.11842,0.25,2.09211,0.25,2.06579,0.25,2.03947,0.25,2.01316,0.25,1.98684,0.25,1.96053,0.25,1.93421,0.25,1.90789,0.25,1.88158,0.25,1.85526,0.25,1.82895,0.25,1.80263,0.25,1.77632,0.25,1.75:0.0,1.0,0.0,0.89474,0.0,0.78947,0.0,0.68421,0.0,0.57895,0.0,0.47368,0.0,0.36842,0.0,0.26316,0.0,0.15789,0.0,0.05263,0.0,-0.05263,0.0,-0.15789,0.0,-0.26316,0.0,-0.36842,0.0,-0.47368,0.0,-0.57895,0.0,-0.68421,0.0,-0.78947,0.0,-0.89474,0.0,-1.0
jeff:0.75,0.25,0.71192,0.32617,0.67383,0.40234,0.63575,0.47851,0.59766,0.55468,0.55958,0.63085,0.52149,0.70701,0.48341,0.78318,0.44532,0.85935,0.40724,0.93552,0.36915,1.01169,0.33107,1.08786,0.29299,1.16403,0.2549,1.2402,0.3242,1.25,0.40936,1.25,0.49452,1.25,0.57968,1.25,0.66484,1.25,0.75,1.25:0.4951,-1.0,0.41893,-0.84766,0.34276,-0.69532,0.26659,-0.54299,0.19042,-0.39065,0.11425,-0.23831,0.03808,-0.08597,-0.03808,0.06637,-0.11425,0.21871,-0.19042,0.37104,-0.26659,0.52338,-0.34276,0.67572,-0.41893,0.82806,-0.4951,0.9804,-0.3565,1.0,-0.18618,1.0,-0.01586,1.0,0.15446,1.0,0.32478,1.0,0.4951,1.0
ce:0.25,1.75,0.25,1.72368,0.25,1.69737,0.25,1.67105,0.25,1.64474,0.25,1.61842,0.25,1.59211,0.25,1.56579,0.25,1.53947,0.25,1.51316,0.25,1.48684,0.25,1.46053,0.25,1.43421,0.25,1.40789,0.25,1.38158,0.25,1.35526,0.25,1.32895,0.25,1.30263,0.25,1.27632,0.25,1.25:0.0,1.0,0.0,0.89474,0.0,0.78947,0.0,0.68421,0.0,0.57895,0.0,0.47368,0.0,0.36842,0.0,0.26316,0.0,0.15789,0.0,0.05263,0.0,-0.05263,0.0,-0.15789,0.0,-0.26316,0.0,-0.36842,0.0,-0.47368,0.0,-0.57895,0.0,-0.68421,0.0,-0.78947,0.0,-0.89474,0.0,-1.0
ab:0.25,2.25,0.27632,2.25,0.30263,2.25,0.32895,2.25,0.35526,2.25,0.38158,2.25,0.40789,2.25,0.43421,2.25,0.46053,2.25,0.48684,2.25,0.51316,2.25,0.53947,2.25,0.56579,2.25,0.59211,2.25,0.61842,2.25,0.64474,2.25,0.67105,2.25,0.69737,2.25,0.72368,2.25,0.75,2.25:-1.0,0.0,-0.89474,0.0,-0.78947,0.0,-0.68421,0.0,-0.57895,0.0,-0.47368,0.0,-0.36842,0.0,-0.26316,0.0,-0.15789,0.0,-0.05263,0.0,0.05263,0.0,0.15789,0.0,0.26316,0.0,0.36842,0.0,0.47368,0.0,0.57895,0.0,0.68421,0.0,0.78947,0.0,0.89474,0.0,1.0,0.0
babe:0.75,2.25,0.63852,2.25,0.52705,2.25,0.41557,2.25,0.3041,2.25,0.30738,2.25,0.41885,2.25,0.53033,2.25,0.6418,2.25,0.74853,2.24707,0.69868,2.14736,0.64883,2.04765,0.59897,1.94795,0.54912,1.84824,0.49927,1.74853,0.44941,1.64883,0.39956,1.54912,0.34971,1.44941,0.29985,1.34971,0.25,1.25:0.5,1.0,0.27705,1.0,0.0541,1.0,-0.16885,1.0,-0.3918,1.0,-0.38525,1.0,-0.16229,1.0,0.06066,1.0,0.28361,1.0,0.49707,0.99413,0.39736,0.79472,0.29765,0.59531,0.19795,0.39589,0.09824,0.19648,-0.00147,-0.00293,-0.10117,-0.20235,-0.20088,-0.40176,-0.30059,-0.60117,-0.40029,-0.80059,-0.5,-1.0
db:0.75,1.75,0.75,1.77632,0.75,1.80263,0.75,1.82895,0.75,1.85526,0.75,1.88158,0.75,1.90789,0.75,1.93421,0.75,1.96053,0.75,1.98684,0.75,2.01316,0.75,2.03947,0.75,2.06579,0.75,2.09211,0.75,2.11842,0.75,2.14474,0.75,2.17105,0.75,2.19737,0.75,2.22368,0.75,2.25:0.0,-1.0,0.0,-0.89474,0.0,-0.78947,0.0,-0.68421,0.0,-0.57895,0.0,-0.47368,0.0,-0.36842,0.0,-0.26316,0.0,-0.15789,0.0,-0.05263,0.0,0.05263,0.0,0.15789,0.0,0.26316,0.0,0.36842,0.0,0.47368,0.0,0.57895,0.0,0.68421,0.0,0.78947,0.0,0.89474,0.0,1.0
ia:0.25,0.25,0.25,0.35526,0.25,0.46053,0.25,0.56579,0.25,0.67105,0.25,0.77632,0.25,0.88158,0.25,0.98684,0.25,1.09211,0.25,1.19737,0.25,1.30263,0.25,1.40789,0.25,1.51316,0.25,1.61842,0.25,1.72368,0.25,1.82895,0.25,1.93421,0.25,2.03947,0.25,2.14474,0.25,2.25:0.0,-1.0,0.0,-0.89474,0.0,-0.78947,0.0,-0.68421,0.0,-0.57895,0.0,-0.47368,0.0,-0.36842,0.0,-0.26316,0.0,-0.15789,0.0,-0.05263,0.0,0.05263,0.0,0.15789,0.0,0.26316,0.0,0.36842,0.0,0.47368,0.0,0.57895,0.0,0.68421,0.0,0.78947,0.0,0.89474,0.0,1.0
ha:0.75,0.75,0.72368,0.82895,0.69737,0.90789,0.67105,0.98684,0.64474,1.06579,0.61842,1.14474,0.59211,1.22368,0.56579,1.30263,0.53947,1.38158,0.51316,1.46053,0.48684,1.53947,0.46053,1.61842,0.43421,1.69737,0.40789,1.77632,0.38158,1.85526,0.35526,1.93421,0.32895,2.01316,0.30263,2.09211,0.27632,2.17105,0.25,2.25:0.33333,-1.0,0.29825,-0.89474,0.26316,-0.78947,0.22807,-0.68421,0.19298,-0.57895,0.15789,-0.47368,0.12281,-0.36842,0.08772,-0.26316,0.05263,-0.15789,0.01754,-0.05263,-0.01754,0.05263,-0.05263,0.15789,-0.08772,0.26316,-0.12281,0.36842,-0.15789,0.47368,-0.19298,0.57895,-0.22807,0.68421,-0.26316,0.78947,-0.29825,0.89474,-0.33333,1.0
ea:0.25,1.25,0.25,1.30263,0.25,1.35526,0.25,1.40789,0.25,1.46053,0.25,1.51316,0.25,1.56579,0.25,1.61842,0.25,1.67105,0.25,1.72368,0.25,1.77632,0.25,1.82895,0.25,1.88158,0.25,1.93421,0.25,1.98684,0.25,2.03947,0.25,2.09211,0.25,2.14474,0.25,2.19737,0.25,2.25:0.0,-1.0,0.0,-0.89474,0.0,-0.78947,0.0,-0.68421,0.0,-0.57895,0.0,-0.47368,0.0,-0.36842,0.0,-0.26316,0.0,-0.15789,0.0,-0.05263,0.0,0.05263,0.0,0.15789,0.0,0.26316,0.0,0.36842,0.0,0.47368,0.0,0.57895,0.0,0.68421,0.0,0.78947,0.0,0.89474,0.0,1.0
decide:0.75,1.75,0.56409,1.56409,0.37818,1.37818,0.25,1.33163,0.25,1.59455,0.25,1.64254,0.25,1.37963,0.25,1.11671,0.25,0.8538,0.25,0.59089,0.25,0.32797,0.30848,0.42545,0.39162,0.67487,0.47476,0.92429,0.5579,1.17371,0.64104,1.42313,0.72419,1.67256,0.62182,1.62182,0.43591,1.43591,0.25,1.25:0.35161,1.0,0.09014,0.73853,-0.17133,0.47706,-0.35161,0.41159,-0.35161,0.78136,-0.35161,0.84886,-0.35161,0.47909,-0.35161,0.10932,-0.35161,-0.26045,-0.35161,-0.63023,-0.35161,-1.0,-0.26936,-0.86291,-0.15243,-0.51211,-0.03549,-0.16131,0.08144,0.18948,0.19837,0.54028,0.3153,0.89108,0.17133,0.81972,-0.09014,0.55825,-0.35161,0.29678
fig:0.75,1.25,0.71192,1.17383,0.67383,1.09766,0.63575,1.02149,0.59766,0.94532,0.55958,0.86915,0.52149,0.79299,0.48341,0.71682,0.44532,0.64065,0.40724,0.56448,0.36915,0.48831,0.33107,0.41214,0.29299,0.33597,0.2549,0.2598,0.25,0.3242,0.25,0.40936,0.25,0.49452,0.25,0.57968,0.25,0.66484,0.25,0.75:0.50495,1.0,0.42803,0.84615,0.3511,0.69231,0.27418,0.53846,0.19726,0.38462,0.12033,0.23077,0.04341,0.07692,-0.03351,-0.07692,-0.11044,-0.23077,-0.18736,-0.38462,-0.26428,-0.53846,-0.3412,-0.69231,-0.41813,-0.84615,-0.49505,-1.0,-0.50495,-0.86992,-0.50495,-0.69792,-0.50495,-0.52591,-0.50495,-0.35391,-0.50495,-0.1819,-0.50495,-0.0099
ag:0.25,2.25,0.25,2.17105,0.25,2.09211,0.25,2.01316,0.25,1.93421,0.25,1.85526,0.25,1.77632,0.25,1.69737,0.25,1.61842,0.25,1.53947,0.25,1.46053,0.25,1.38158,0.25,1.30263,0.25,1.22368,0.25,1.14474,0.25,1.06579,0.25,0.98684,0.25,0.90789,0.25,0.82895,0.25,0.75:0.0,1.0,0.0,0.89474,0.0,0.78947,0.0,0.68421,0.0,0.57895,0.0,0.47368,0.0,0.36842,0.0,0.26316,0.0,0.15789,0.0,0.05263,0.0,-0.05263,0.0,-0.15789,0.0,-0.26316,0.0,-0.36842,0.0,-0.47368,0.0,-0.57895,0.0,-0.68421,0.0,-0.78947,0.0,-0.89474,0.0,-1.0
aged:0.25,2.25,0.25,2.10752,0.25,1.96504,0.25,1.82256,0.25,1.68008,0.25,1.5376,0.25,1.39512,0.25,1.25264,0.25,1.11017,0.25,0.96769,0.25,0.82521,0.25,0.81727,0.25,0.95975,0.25,1.10223,0.25,1.24471,0.34701,1.34701,0.44776,1.44776,0.5485,1.5485,0.64925,1.64925,0.75,1.75:-0.34898,1.0,-0.34898,0.80111,-0.34898,0.60222,-0.34898,0.40332,-0.34898,0.20443,-0.34898,0.00554,-0.34898,-0.19335,-0.34898,-0.39225,-0.34898,-0.59114,-0.34898,-0.79003,-0.34898,-0.98892,-0.34898,-1.0,-0.34898,-0.80111,-0.34898,-0.60222,-0.34898,-0.40332,-0.21357,-0.26052,-0.07293,-0.11988,0.06771,0.02075,0.20835,0.16139,0.34898,0.30203
ba:0.75,2.25,0.72368,2.25,0.69737,2.25,0.67105,2.25,0.64474,2.25,0.61842,2.25,0.59211,2.25,0.56579,2.25,0.53947,2.25,0.51316,2.25,0.48684,2.25,0.46053,2.25,0.43421,2.25,0.40789,2.25,0.38158,2.25,0.35526,2.25,0.32895,2.25,0.30263,2.25,0.27632,2.25,0.25,2.25:1.0,0.0,0.89474,0.0,0.78947,0.0,0.68421,0.0,0.57895,0.0,0.47368,0.0,0.36842,0.0,0.26316,0.0,0.15789,0.0,0.05263,0.0,-0.05263,0.0,-0.15789,0.0,-0.26316,0.0,-0.36842,0.0,-0.47368,0.0,-0.57895,0.0,-0.68421,0.0,-0.78947,0.0,-0.89474,0.0,-1.0,0.0
hd:0.75,0.75,0.75,0.80263,0.75,0.85526,0.75,0.90789,0.75,0.96053,0.75,1.01316,0.75,1.06579,0.75,1.11842,0.75,1.17105,0.75,1.22368,0.75,1.27632,0.75,1.32895,0.75,1.38158,0.75,1.43421,0.75,1.48684,0.75,1.53947,0.75,1.59211,0.75,1.64474,0.75,1.69737,0.75,1.75:0.0,-1.0,0.0,-0.89474,0.0,-0.78947,0.0,-0.68421,0.0,-0.57895,0.0,-0.47368,0.0,-0.36842,0.0,-0.26316,0.0,-0.15789,0.0,-0.05263,0.0,0.05263,0.0,0.15789,0.0,0.26316,0.0,0.36842,0.0,0.47368,0.0,0.57895,0.0,0.68421,0.0,0.78947,0.0,0.89474,0.0,1.0
abc:0.25,2.25,0.31353,2.25,0.37706,2.25,0.4406,2.25,0.50413,2.25,0.56766,2.25,0.63119,2.25,0.69472,2.25,0.74416,2.24416,0.69924,2.19924,0.65431,2.15431,0.60939,2.10939,0.56447,2.06447,0.51954,2.01954,0.47462,1.97462,0.4297,1.9297,0.38477,1.88477,0.33985,1.83985,0.29492,1.79492,0.25,1.75:-0.98832,1.0,-0.7342,1.0,-0.48007,1.0,-0.22594,1.0,0.02819,1.0,0.28231,1.0,0.53644,1.0,0.79057,1.0,0.98832,0.97665,0.80863,0.79695,0.62893,0.61726,0.44924,0.43756,0.26954,0.25787,0.08985,0.07817,-0.08985,-0.10152,-0.26954,-0.28122,-0.44924,-0.46091,-0.62893,-0.64061,-0.80863,-0.8203,-0.98832,-1.0
cache:0.25,1.75,0.25,1.89869,0.25,2.04738,0.25,2.19607,0.25,2.15523,0.25,2.00654,0.25,1.85785,0.26826,1.71347,0.33476,1.58048,0.40126,1.44748,0.46776,1.31449,0.53425,1.1815,0.60075,1.0485,0.66725,0.91551,0.73374,0.78251,0.67056,0.82944,0.56542,0.93458,0.46028,1.03972,0.35514,1.14486,0.25,1.25:-0.34222,0.36886,-0.34222,0.57924,-0.34222,0.78962,-0.34222,1.0,-0.34222,0.94221,-0.34222,0.73184,-0.34222,0.52146,-0.31637,0.31718,-0.22229,0.12901,-0.12821,-0.05916,-0.03412,-0.24733,0.05996,-0.43549,0.15405,-0.62366,0.24813,-0.81183,0.34222,-1.0,0.25282,-0.93361,0.10406,-0.78485,-0.0447,-0.63609,-0.19346,-0.48733,-0.34222,-0.33857
gcc:0.25,0.75,0.25,0.80263,0.25,0.85526,0.25,0.90789,0.25,0.96053,0.25,1.01316,0.25,1.06579,0.25,1.11842,0.25,1.17105,0.25,1.22368,0.25,1.27632,0.25,1.32895,0.25,1.38158,0.25,1.43421,0.25,1.48684,0.25,1.53947,0.25,1.59211,0.25,1.64474,0.25,1.69737,0.25,1.75:0.0,-1.0,0.0,-0.89474,0.0,-0.78947,0.0,-0.68421,0.0,-0.57895,0.0,-0.47368,0.0,-0.36842,0.0,-0.26316,0.0,-0.15789,0.0,-0.05263,0.0,0.05263,0.0,0.15789,0.0,0.26316,0.0,0.36842,0.0,0.47368,0.0,0.57895,0.0,0.68421,0.0,0.78947,0.0,0.89474,0.0,1.0
cafe:0.25,1.75,0.25,1.86148,0.25,1.97295,0.25,2.08443,0.25,2.1959,0.27566,2.19868,0.32551,2.09897,0.37537,1.99927,0.42522,1.89956,0.47507,1.79985,0.52493,1.70015,0.57478,1.60044,0.62463,1.50073,0.67449,1.40103,0.72434,1.30132,0.6959,1.25,0.58443,1.25,0.47295,1.25,0.36148,1.25,0.25,1.25:-0.5,0.0541,-0.5,0.28911,-0.5,0.52412,-0.5,0.75913,-0.5,0.99414,-0.4459,1.0,-0.3408,0.7898,-0.2357,0.5796,-0.1306,0.3694,-0.0255,0.1592,0.0796,-0.051,0.1847,-0.26121,0.2898,-0.47141,0.3949,-0.68161,0.5,-0.89181,0.44005,-1.0,0.20504,-1.0,-0.02998,-1.0,-0.26499,-1.0,-0.5,-1.0
def:0.75,1.75,0.70508,1.70508,0.66015,1.66015,0.61523,1.61523,0.5703,1.5703,0.52538,1.52538,0.48046,1.48046,0.43553,1.43553,0.39061,1.39061,0.34569,1.34569,0.30076,1.30076,0.25584,1.25584,0.30528,1.25,0.36881,1.25,0.43234,1.25,0.49587,1.25,0.5594,1.25,0.62294,1.25,0.68647,1.25,0.75,1.25:0.98832,1.0,0.80863,0.8203,0.62893,0.64061,0.44924,0.46091,0.26954,0.28122,0.08985,0.10152,-0.08985,-0.07817,-0.26954,-0.25787,-0.44924,-0.43756,-0.62893,-0.61726,-0.80863,-0.79695,-0.98832,-0.97665,-0.79057,-1.0,-0.53644,-1.0,-0.28231,-1.0,-0.02819,-1.0,0.22594,-1.0,0.48007,-1.0,0.7342,-1.0,0.98832,-1.0
dad:0.75,1.75,0.69737,1.80263,0.64474,1.85526,0.59211,1.90789,0.53947,1.96053,0.48684,2.01316,0.43421,2.06579,0.38158,2.11842,0.32895,2.17105,0.27632,2.22368,0.27632,2.22368,0.32895,2.17105,0.38158,2.11842,0.43421,2.06579,0.48684,2.01316,0.53947,1.96053,0.59211,1.90789,0.64474,1.85526,0.69737,1.80263,0.75,1.75:1.0,-1.0,0.77778,-0.77778,0.55556,-0.55556,0.33333,-0.33333,0.11111,-0.11111,-0.11111,0.11111,-0.33333,0.33333,-0.55556,0.55556,-0.77778,0.77778,-1.0,1.0,-1.0,1.0,-0.77778,0.77778,-0.55556,0.55556,-0.33333,0.33333,-0.11111,0.11111,0.11111,-0.11111,0.33333,-0.33333,0.55556,-0.55556,0.77778,-0.77778,1.0,-1.0
ec:0.25,1.25,0.25,1.27632,0.25,1.30263,0.25,1.32895,0.25,1.35526,0.25,1.38158,0.25,1.40789,0.25,1.43421,0.25,1.46053,0.25,1.48684,0.25,1.51316,0.25,1.53947,0.25,1.56579,0.25,1.59211,0.25,1.61842,0.25,1.64474,0.25,1.67105,0.25,1.69737,0.25,1.72368,0.25,1.75:0.0,-1.0,0.0,-0.89474,0.0,-0.78947,0.0,-0.68421,0.0,-0.57895,0.0,-0.47368,0.0,-0.36842,0.0,-0.26316,0.0,-0.15789,0.0,-0.05263,0.0,0.05263,0.0,0.15789,0.0,0.26316,0.0,0.36842,0.0,0.47368,0.0,0.57895,0.0,0.68421,0.0,0.78947,0.0,0.89474,0.0,1.0
cf:0.25,1.75,0.27632,1.72368,0.30263,1.69737,0.32895,1.67105,0.35526,1.64474,0.38158,1.61842,0.40789,1.59211,0.43421,1.56579,0.46053,1.53947,0.48684,1.51316,0.51316,1.48684,0.53947,1.46053,0.56579,1.43421,0.59211,1.40789,0.61842,1.38158,0.64474,1.35526,0.67105,1.32895,0.69737,1.30263,0.72368,1.27632,0.75,1.25:-1.0,1.0,-0.89474,0.89474,-0.78947,0.78947,-0.68421,0.68421,-0.57895,0.57895,-0.47368,0.47368,-0.36842,0.36842,-0.26316,0.26316,-0.15789,0.15789,-0.05263,0.05263,0.05263,-0.05263,0.15789,-0.15789,0.26316,-0.26316,0.36842,-0.36842,0.47368,-0.47368,0.57895,-0.57895,0.68421,-0.68421,0.78947,-0.78947,0.89474,-0.89474,1.0,-1.0
fe:0.75,1.25,0.72368,1.25,0.69737,1.25,0.67105,1.25,0.64474,1.25,0.61842,1.25,0.59211,1.25,0.56579,1.25,0.53947,1.25,0.51316,1.25,0.48684,1.25,0.46053,1.25,0.43421,1.25,0.40789,1.25,0.38158,1.25,0.35526,1.25,0.32895,1.25,0.30263,1.25,0.27632,1.25,0.25,1.25:1.0,0.0,0.89474,0.0,0.78947,0.0,0.68421,0.0,0.57895,0.0,0.47368,0.0,0.36842,0.0,0.26316,0.0,0.15789,0.0,0.05263,0.0,-0.05263,0.0,-0.15789,0.0,-0.26316,0.0,-0.36842,0.0,-0.47368,0.0,-0.57895,0.0,-0.68421,0.0,-0.78947,0.0,-0.89474,0.0,-1.0,0.0
ah:0.25,2.25,0.27632,2.17105,0.30263,2.09211,0.32895,2.01316,0.35526,1.93421,0.38158,1.85526,0.40789,1.77632,0.43421,1.69737,0.46053,1.61842,0.48684,1.53947,0.51316,1.46053,0.53947,1.38158,0.56579,1.30263,0.59211,1.22368,0.61842,1.14474,0.64474,1.06579,0.67105,0.98684,0.69737,0.90789,0.72368,0.82895,0.75,0.75:-0.33333,1.0,-0.29825,0.89474,-0.26316,0.78947,-0.22807,0.68421,-0.19298,0.57895,-0.15789,0.47368,-0.12281,0.36842,-0.08772,0.26316,-0.05263,0.15789,-0.01754,0.05263,0.01754,-0.05263,0.05263,-0.15789,0.08772,-0.26316,0.12281,-0.36842,0.15789,-0.47368,0.19298,-0.57895,0.22807,-0.68421,0.26316,-0.78947,0.29825,-0.89474,0.33333,-1.0
ja:0.75,0.25,0.72368,0.35526,0.69737,0.46053,0.67105,0.56579,0.64474,0.67105,0.61842,0.77632,0.59211,0.88158,0.56579,0.98684,0.53947,1.09211,0.51316,1.19737,0.48684,1.30263,0.46053,1.40789,0.43421,1.51316,0.40789,1.61842,0.38158,1.72368,0.35526,1.82895,0.32895,1.93421,0.30263,2.03947,0.27632,2.14474,0.25,2.25:0.25,-1.0,0.22368,-0.89474,0.19737,-0.78947,0.17105,-0.68421,0.14474,-0.57895,0.11842,-0.47368,0.09211,-0.36842,0.06579,-0.26316,0.03947,-0.15789,0.01316,-0.05263,-0.01316,0.05263,-0.03947,0.15789,-0.06579,0.26316,-0.09211,0.36842,-0.11842,0.47368,-0.14474,0.57895,-0.17105,0.68421,-0.19737,0.78947,-0.22368,0.89474,-0.25,1.0
bi:0.75,2.25,0.72368,2.14474,0.69737,2.03947,0.67105,1.93421,0.64474,1.82895,0.61842,1.72368,0.59211,1.61842,0.56579,1.51316,0.53947,1.40789,0.51316,1.30263,0.48684,1.19737,0.46053,1.09211,0.43421,0.98684,0.40789,0.88158,0.38158,0.77632,0.35526,0.67105,0.32895,0.56579,0.30263,0.46053,0.27632,0.35526,0.25,0.25:0.25,1.0,0.22368,0.89474,0.19737,0.78947,0.17105,0.68421,0.14474,0.57895,0.11842,0.47368,0.09211,0.36842,0.06579,0.26316,0.03947,0.15789,0.01316,0.05263,-0.01316,-0.05263,-0.03947,-0.15789,-0.06579,-0.26316,-0.09211,-0.36842,-0.11842,-0.47368,-0.14474,-0.57895,-0.17105,-0.68421,-0.19737,-0.78947,-0.22368,-0.89474,-0.25,-1.0
cached:0.25,1.75,0.25,1.93591,0.25,2.12182,0.25,2.19228,0.25,2.00637,0.25,1.82046,0.30163,1.64674,0.38477,1.48046,0.46791,1.31418,0.55105,1.1479,0.63419,0.98162,0.71733,0.81534,0.6702,0.8298,0.53874,0.96126,0.40728,1.09272,0.27583,1.22417,0.35563,1.35563,0.48709,1.48709,0.61854,1.61854,0.75,1.75:-0.36312,0.35759,-0.36312,0.62763,-0.36312,0.89766,-0.36312,1.0,-0.36312,0.72997,-0.36312,0.45994,-0.28813,0.20761,-0.16737,-0.03391,-0.04661,-0.27543,0.07415,-0.51696,0.19491,-0.75848,0.31567,-1.0,0.24721,-0.97899,0.05627,-0.78805,-0.13467,-0.59711,-0.32561,-0.40617,-0.2097,-0.21523,-0.01876,-0.02429,0.17218,0.16665,0.36312,0.35759
egg:0.25,1.25,0.25,1.22368,0.25,1.19737,0.25,1.17105,0.25,1.14474,0.25,1.11842,0.25,1.09211,0.25,1.06579,0.25,1.03947,0.25,1.01316,0.25,0.98684,0.25,0.96053,0.25,0.93421,0.25,0.90789,0.25,0.88158,0.25,0.85526,0.25,0.82895,0.25,0.80263,0.25,0.77632,0.25,0.75:0.0,1.0,0.0,0.89474,0.0,0.78947,0.0,0.68421,0.0,0.57895,0.0,0.47368,0.0,0.36842,0.0,0.26316,0.0,0.15789,0.0,0.05263,0.0,-0.05263,0.0,-0.15789,0.0,-0.26316,0.0,-0.36842,0.0,-0.47368,0.0,-0.57895,0.0,-0.68421,0.0,-0.78947,0.0,-0.89474,0.0,-1.0
gi:0.25,0.75,0.25,0.72368,0.25,0.69737,0.25,0.67105,0.25,0.64474,0.25,0.61842,0.25,0.59211,0.25,0.56579,0.25,0.53947,0.25,0.51316,0.25,0.48684,0.25,0.46053,0.25,0.43421,0.25,0.40789,0.25,0.38158,0.25,0.35526,0.25,0.32895,0.25,0.30263,0.25,0.27632,0.25,0.25:0.0,1.0,0.0,0.89474,0.0,0.78947,0.0,0.68421,0.0,0.57895,0.0,0.47368,0.0,0.36842,0.0,0.26316,0.0,0.15789,0.0,0.05263,0.0,-0.05263,0.0,-0.15789,0.0,-0.26316,0.0,-0.36842,0.0,-0.47368,0.0,-0.57895,0.0,-0.68421,0.0,-0.78947,0.0,-0.89474,0.0,-1.0
ieee:0.25,0.25,0.25,0.30263,0.25,0.35526,0.25,0.40789,0.25,0.46053,0.25,0.51316,0.25,0.56579,0.25,0.61842,0.25,0.67105,0.25,0.72368,0.25,0.77632,0.25,0.82895,0.25,0.88158,0.25,0.93421,0.25,0.98684,0.25,1.03947,0.25,1.09211,0.25,1.14474,0.25,1.19737,0.25,1.25:0.0,-1.0,0.0,-0.89474,0.0,-0.78947,0.0,-0.68421,0.0,-0.57895,0.0,-0.47368,0.0,-0.36842,0.0,-0.26316,0.0,-0.15789,0.0,-0.05263,0.0,0.05263,0.0,0.15789,0.0,0.26316,0.0,0.36842,0.0,0.47368,0.0,0.57895,0.0,0.68421,0.0,0.78947,0.0,0.89474,0.0,1.0
ae:0.25,2.25,0.25,2.19737,0.25,2.14474,0.25,2.09211,0.25,2.03947,0.25,1.98684,0.25,1.93421,0.25,1.88158,0.25,1.82895,0.25,1.77632,0.25,1.72368,0.25,1.67105,0.25,1.61842,0.25,1.56579,0.25,1.51316,0.25,1.46053,0.25,1.40789,0.25,1.35526,0.25,1.30263,0.25,1.25:0.0,1.0,0.0,0.89474,0.0,0.78947,0.0,0.68421,0.0,0.57895,0.0,0.47368,0.0,0.36842,0.0,0.26316,0.0,0.15789,0.0,0.05263,0.0,-0.05263,0.0,-0.15789,0.0,-0.26316,0.0,-0.36842,0.0,-0.47368,0.0,-0.57895,0.0,-0.68421,0.0,-0.78947,0.0,-0.89474,0.0,-1.0
ai:0.25,2.25,0.25,2.14474,0.25,2.03947,0.25,1.93421,0.25,1.82895,0.25,1.72368,0.25,1.61842,0.25,1.51316,0.25,1.40789,0.25,1.30263,0.25,1.19737,0.25,1.09211,0.25,0.98684,0.25,0.88158,0.25,0.77632,0.25,0.67105,0.25,0.56579,0.25,0.46053,0.25,0.35526,0.25,0.25:0.0,1.0,0.0,0.89474,0.0,0.78947,0.0,0.68421,0.0,0.57895,0.0,0.47368,0.0,0.36842,0.0,0.26316,0.0,0.15789,0.0,0.05263,0.0,-0.05263,0.0,-0.15789,0.0,-0.26316,0.0,-0.36842,0.0,-0.47368,0.0,-0.57895,0.0,-0.68421,0.0,-0.78947,0.0,-0.89474,0.0,-1.0
ic:0.25,0.25,0.25,0.32895,0.25,0.40789,0.25,0.48684,0.25,0.56579,0.25,0.64474,0.25,0.72368,0.25,0.80263,0.25,0.88158,0.25,0.96053,0.25,1.03947,0.25,1.11842,0.25,1.19737,0.25,1.27632,0.25,1.35526,0.25,1.43421,0.25,1.51316,0.25,1.59211,0.25,1.67105,0.25,1.75:0.0,-1.0,0.0,-0.89474,0.0,-0.78947,0.0,-0.68421,0.0,-0.57895,0.0,-0.47368,0.0,-0.36842,0.0,-0.26316,0.0,-0.15789,0.0,-0.05263,0.0,0.05263,0.0,0.15789,0.0,0.26316,0.0,0.36842,0.0,0.47368,0.0,0.57895,0.0,0.68421,0.0,0.78947,0.0,0.89474,0.0,1.0
fed:0.75,1.25,0.68647,1.25,0.62294,1.25,0.5594,1.25,0.49587,1.25,0.43234,1.25,0.36881,1.25,0.30528,1.25,0.25584,1.25584,0.30076,1.30076,0.34569,1.34569,0.39061,1.39061,0.43553,1.43553,0.48046,1.48046,0.52538,1.52538,0.5703,1.5703,0.61523,1.61523,0.66015,1.66015,0.70508,1.70508,0.75,1.75:0.98832,-1.0,0.7342,-1.0,0.48007,-1.0,0.22594,-1.0,-0.02819,-1.0,-0.28231,-1.0,-0.53644,-1.0,-0.79057,-1.0,-0.98832,-0.97665,-0.80863,-0.79695,-0.62893,-0.61726,-0.44924,-0.43756,-0.26954,-0.25787,-0.08985,-0.07817,0.08985,0.10152,0.26954,0.28122,0.44924,0.46091,0.62893,0.64061,0.80863,0.8203,0.98832,1.0
ge:0.25,0.75,0.25,0.77632,0.25,0.80263,0.25,0.82895,0.25,0.85526,0.25,0.88158,0.25,0.90789,0.25,0.93421,0.25,0.96053,0.25,0.98684,0.25,1.01316,0.25,1.03947,0.25,1.06579,0.25,1.09211,0.25,1.11842,0.25,1.14474,0.25,1.17105,0.25,1.19737,0.25,1.22368,0.25,1.25:0.0,-1.0,0.0,-0.89474,0.0,-0.78947,0.0,-0.68421,0.0,-0.57895,0.0,-0.47368,0.0,-0.36842,0.0,-0.26316,0.0,-0.15789,0.0,-0.05263,0.0,0.05263,0.0,0.15789,0.0,0.26316,0.0,0.36842,0.0,0.47368,0.0,0.57895,0.0,0.68421,0.0,0.78947,0.0,0.89474,0.0,1.0
beef:0.75,2.25,0.71192,2.17383,0.67383,2.09766,0.63575,2.02149,0.59766,1.94532,0.55958,1.86915,0.52149,1.79299,0.48341,1.71682,0.44532,1.64065,0.40724,1.56448,0.36915,1.48831,0.33107,1.41214,0.29299,1.33597,0.2549,1.2598,0.3242,1.25,0.40936,1.25,0.49452,1.25,0.57968,1.25,0.66484,1.25,0.75,1.25:0.4951,1.0,0.41893,0.84766,0.34276,0.69532,0.26659,0.54299,0.19042,0.39065,0.11425,0.23831,0.03808,0.08597,-0.03808,-0.06637,-0.11425,-0.21871,-0.19042,-0.37104,-0.26659,-0.52338,-0.34276,-0.67572,-0.41893,-0.82806,-0.4951,-0.9804,-0.3565,-1.0,-0.18618,-1.0,-0.01586,-1.0,0.15446,-1.0,0.32478,-1.0,0.4951,-1.0
cad:0.25,1.75,0.25,1.81353,0.25,1.87706,0.25,1.9406,0.25,2.00413,0.25,2.06766,0.25,2.13119,0.25,2.19472,0.25584,2.24416,0.30076,2.19924,0.34569,2.15431,0.39061,2.10939,0.43553,2.06447,0.48046,2.01954,0.52538,1.97462,0.5703,1.9297,0.61523,1.88477,0.66015,1.83985,0.70508,1.79492,0.75,1.75:-1.0,-0.98832,-1.0,-0.7342,-1.0,-0.48007,-1.0,-0.22594,-1.0,0.02819,-1.0,0.28231,-1.0,0.53644,-1.0,0.79057,-0.97665,0.98832,-0.79695,0.80863,-0.61726,0.62893,-0.43756,0.44924,-0.25787,0.26954,-0.07817,0.08985,0.10152,-0.08985,0.28122,-0.26954,0.46091,-0.44924,0.64061,-0.62893,0.8203,-0.80863,1.0,-0.98832
decade:0.75,1.75,0.63384,1.63384,0.51767,1.51767,0.40151,1.40151,0.28535,1.28535,0.25,1.36429,0.25,1.52857,0.25,1.69285,0.25,1.85713,0.25,2.02141,0.25,2.18569,0.32069,2.17931,0.43686,2.06314,0.55302,1.94698,0.66918,1.83082,0.71465,1.71465,0.59849,1.59849,0.48233,1.48233,0.36616,1.36616,0.25,1.25:0.53436,0.06873,0.28607,-0.17957,0.03778,-0.42786,-0.21052,-0.67616,-0.45881,-0.92445,-0.53436,-0.7557,-0.53436,-0.40456,-0.53436,-0.05342,-0.53436,0.29772,-0.53436,0.64886,-0.53436,1.0,-0.38326,0.98635,-0.13497,0.73806,0.11333,0.48976,0.36162,0.24147,0.45881,-0.00682,0.21052,-0.25512,-0.03778,-0.50341,-0.28607,-0.75171,-0.53436,-1.0
ef:0.25,1.25,0.27632,1.25,0.30263,1.25,0.32895,1.25,0.35526,1.25,0.38158,1.25,0.40789,1.25,0.43421,1.25,0.46053,1.25,0.48684,1.25,0.51316,1.25,0.53947,1.25,0.56579,1.25,0.59211,1.25,0.61842,1.25,0.64474,1.25,0.67105,1.25,0.69737,1.25,0.72368,1.25,0.75,1.25:-1.0,0.0,-0.89474,0.0,-0.78947,0.0,-0.68421,0.0,-0.57895,0.0,-0.47368,0.0,-0.36842,0.0,-0.26316,0.0,-0.15789,0.0,-0.05263,0.0,0.05263,0.0,0.15789,0.0,0.26316,0.0,0.36842,0.0,0.47368,0.0,0.57895,0.0,0.68421,0.0,0.78947,0.0,0.89474,0.0,1.0,0.0
ace:0.25,2.25,0.25,2.19737,0.25,2.14474,0.25,2.09211,0.25,2.03947,0.25,1.98684,0.25,1.93421,0.25,1.88158,0.25,1.82895,0.25,1.77632,0.25,1.72368,0.25,1.67105,0.25,1.61842,0.25,1.56579,0.25,1.51316,0.25,1.46053,0.25,1.40789,0.25,1.35526,0.25,1.30263,0.25,1.25:0.0,1.0,0.0,0.89474,0.0,0.78947,0.0,0.68421,0.0,0.57895,0.0,0.47368,0.0,0.36842,0.0,0.26316,0.0,0.15789,0.0,0.05263,0.0,-0.05263,0.0,-0.15789,0.0,-0.26316,0.0,-0.36842,0.0,-0.47368,0.0,-0.57895,0.0,-0.68421,0.0,-0.78947,0.0,-0.89474,0.0,-1.0
chi:0.25,1.75,0.29296,1.66408,0.33592,1.57816,0.37888,1.49224,0.42184,1.40633,0.4648,1.32041,0.50776,1.23449,0.55072,1.14857,0.59367,1.06265,0.63663,0.97673,0.67959,0.89081,0.72255,0.80489,0.72547,0.72547,0.65755,0.65755,0.58962,0.58962,0.5217,0.5217,0.45377,0.45377,0.38585,0.38585,0.31792,0.31792,0.25,0.25:-0.31698,1.0,-0.2597,0.88544,-0.20242,0.77088,-0.14514,0.65633,-0.08787,0.54177,-0.03059,0.42721,0.02669,0.31265,0.08397,0.19809,0.14125,0.08353,0.19853,-0.03102,0.25581,-0.14558,0.31309,-0.26014,0.31698,-0.36604,0.22642,-0.4566,0.13585,-0.54717,0.04528,-0.63773,-0.04528,-0.7283,-0.13585,-0.81887,-0.22642,-0.90943,-0.31698,-1.0
af:0.25,2.25,0.27632,2.19737,0.30263,2.14474,0.32895,2.09211,0.35526,2.03947,0.38158,1.98684,0.40789,1.93421,0.43421,1.88158,0.46053,1.82895,0.48684,1.77632,0.51316,1.72368,0.53947,1.67105,0.56579,1.61842,0.59211,1.56579,0.61842,1.51316,0.64474,1.46053,0.67105,1.40789,0.69737,1.35526,0.72368,1.30263,0.75,1.25:-0.5,1.0,-0.44737,0.89474,-0.39474,0.78947,-0.34211,0.68421,-0.28947,0.57895,-0.23684,0.47368,-0.18421,0.36842,-0.13158,0.26316,-0.07895,0.15789,-0.02632,0.05263,0.02632,-0.05263,0.07895,-0.15789,0.13158,-0.26316,0.18421,-0.36842,0.23684,-0.47368,0.28947,-0.57895,0.34211,-0.68421,0.39474,-0.78947,0.44737,-0.89474,0.5,-1.0
hb:0.75,0.75,0.75,0.82895,0.75,0.90789,0.75,0.98684,0.75,1.06579,0.75,1.14474,0.75,1.22368,0.75,1.30263,0.75,1.38158,0.75,1.46053,0.75,1.53947,0.75,1.61842,0.75,1.69737,0.75,1.77632,0.75,1.85526,0.75,1.93421,0.75,2.01316,0.75,2.09211,0.75,2.17105,0.75,2.25:0.0,-1.0,0.0,-0.89474,0.0,-0.78947,0.0,-0.68421,0.0,-0.57895,0.0,-0.47368,0.0,-0.36842,0.0,-0.26316,0.0,-0.15789,0.0,-0.05263,0.0,0.05263,0.0,0.15789,0.0,0.26316,0.0,0.36842,0.0,0.47368,0.0,0.57895,0.0,0.68421,0.0,0.78947,0.0,0.89474,0.0,1.0
cb:0.25,1.75,0.27632,1.77632,0.30263,1.80263,0.32895,1.82895,0.35526,1.85526,0.38158,1.88158,0.40789,1.90789,0.43421,1.93421,0.46053,1.96053,0.48684,1.98684,0.51316,2.01316,0.53947,2.03947,0.56579,2.06579,0.59211,2.09211,0.61842,2.11842,0.64474,2.14474,0.67105,2.17105,0.69737,2.19737,0.72368,2.22368,0.75,2.25:-1.0,-1.0,-0.89474,-0.89474,-0.78947,-0.78947,-0.68421,-0.68421,-0.57895,-0.57895,-0.47368,-0.47368,-0.36842,-0.36842,-0.26316,-0.26316,-0.15789,-0.15789,-0.05263,-0.05263,0.05263,0.05263,0.15789,0.15789,0.26316,0.26316,0.36842,0.36842,0.47368,0.47368,0.57895,0.57895,0.68421,0.68421,0.78947,0.78947,0.89474,0.89474,1.0,1.0
fc:0.75,1.25,0.72368,1.27632,0.69737,1.30263,0.67105,1.32895,0.64474,1.35526,0.61842,1.38158,0.59211,1.40789,0.56579,1.43421,0.53947,1.46053,0.51316,1.48684,0.48684,1.51316,0.46053,1.53947,0.43421,1.56579,0.40789,1.59211,0.38158,1.61842,0.35526,1.64474,0.32895,1.67105,0.30263,1.69737,0.27632,1.72368,0.25,1.75:1.0,-1.0,0.89474,-0.89474,0.78947,-0.78947,0.68421,-0.68421,0.57895,-0.57895,0.47368,-0.47368,0.36842,-0.36842,0.26316,-0.26316,0.15789,-0.15789,0.05263,-0.05263,-0.05263,0.05263,-0.15789,0.15789,-0.26316,0.26316,-0.36842,0.36842,-0.47368,0.47368,-0.57895,0.57895,-0.68421,0.68421,-0.78947,0.78947,-0.89474,0.89474,-1.0,1.0
fda:0.75,1.25,0.75,1.31353,0.75,1.37706,0.75,1.4406,0.75,1.50413,0.75,1.56766,0.75,1.63119,0.75,1.69472,0.74416,1.75584,0.69924,1.80076,0.65431,1.84569,0.60939,1.89061,0.56447,1.93553,0.51954,1.98046,0.47462,2.02538,0.4297,2.0703,0.38477,2.11523,0.33985,2.16015,0.29492,2.20508,0.25,2.25:0.5,-1.0,0.5,-0.87294,0.5,-0.74587,0.5,-0.61881,0.5,-0.49174,0.5,-0.36468,0.5,-0.23762,0.5,-0.11055,0.48832,0.01168,0.39848,0.10152,0.30863,0.19137,0.21878,0.28122,0.12893,0.37107,0.03909,0.46091,-0.05076,0.55076,-0.14061,0.64061,-0.23046,0.73046,-0.3203,0.8203,-0.41015,0.91015,-0.5,1.0
headed:0.75,0.75,0.60752,0.89248,0.46504,1.03496,0.32256,1.17744,0.25,1.34888,0.25,1.55037,0.25,1.75187,0.25,1.95337,0.25,2.15486,0.32521,2.17479,0.46769,2.03231,0.61017,1.88983,0.74736,1.74736,0.60488,1.60488,0.4624,1.4624,0.31992,1.31992,0.32256,1.32256,0.46504,1.46504,0.60752,1.60752,0.75,1.75:0.35093,-1.0,0.15093,-0.8,-0.04907,-0.6,-0.24907,-0.4,-0.35093,-0.15935,-0.35093,0.1235,-0.35093,0.40634,-0.35093,0.68918,-0.35093,0.97202,-0.24536,1.0,-0.04536,0.8,0.15464,0.6,0.34722,0.4,0.14722,0.2,-0.05278,0.0,-0.25278,-0.2,-0.24907,-0.19629,-0.04907,0.00371,0.15093,0.20371,0.35093,0.40371
faced:0.75,1.25,0.6835,1.38299,0.61701,1.51599,0.55051,1.64898,0.48401,1.78198,0.41752,1.91497,0.35102,2.04796,0.28452,2.18096,0.25,2.1785,0.25,2.02981,0.25,1.88112,0.25,1.73243,0.25,1.58373,0.25,1.43504,0.25,1.28635,0.32944,1.32944,0.43458,1.43458,0.53972,1.53972,0.64486,1.64486,0.75,1.75:0.53708,-1.0,0.39422,-0.71429,0.25137,-0.42857,0.10851,-0.14286,-0.03435,0.14286,-0.1772,0.42857,-0.32006,0.71429,-0.46292,1.0,-0.53708,0.99472,-0.53708,0.67529,-0.53708,0.35585,-0.53708,0.03641,-0.53708,-0.28303,-0.53708,-0.60247,-0.53708,-0.92191,-0.36643,-0.82934,-0.14055,-0.60347,0.08533,-0.37759,0.3112,-0.15171,0.53708,0.07416
chef:0.25,1.75,0.30473,1.64054,0.35946,1.53109,0.41418,1.42163,0.46891,1.31217,0.52364,1.20272,0.57837,1.09326,0.6331,0.98381,0.68783,0.87435,0.74255,0.76489,0.67524,0.82476,0.58871,0.91129,0.50218,0.99782,0.41564,1.08436,0.32911,1.17089,0.2605,1.25,0.38287,1.25,0.50525,1.25,0.62762,1.25,0.75,1.25:-0.50756,1.0,-0.39645,0.77778,-0.28534,0.55556,-0.17423,0.33333,-0.06311,0.11111,0.048,-0.11111,0.15911,-0.33333,0.27022,-0.55556,0.38133,-0.77778,0.49244,-1.0,0.35578,-0.87846,0.1801,-0.70278,0.00442,-0.5271,-0.17126,-0.35141,-0.34695,-0.17573,-0.48625,-0.01512,-0.2378,-0.01512,0.01066,-0.01512,0.25911,-0.01512,0.50756,-0.01512
je:0.75,0.25,0.72368,0.30263,0.69737,0.35526,0.67105,0.40789,0.64474,0.46053,0.61842,0.51316,0.59211,0.56579,0.56579,0.61842,0.53947,0.67105,0.51316,0.72368,0.48684,0.77632,0.46053,0.82895,0.43421,0.88158,0.40789,0.93421,0.38158,0.98684,0.35526,1.03947,0.32895,1.09211,0.30263,1.14474,0.27632,1.19737,0.25,1.25:0.5,-1.0,0.44737,-0.89474,0.39474,-0.78947,0.34211,-0.68421,0.28947,-0.57895,0.23684,-0.47368,0.18421,-0.36842,0.13158,-0.26316,0.07895,-0.15789,0.02632,-0.05263,-0.02632,0.05263,-0.07895,0.15789,-0.13158,0.26316,-0.18421,0.36842,-0.23684,0.47368,-0.28947,0.57895,-0.34211,0.68421,-0.39474,0.78947,-0.44737,0.89474,-0.5,1.0
cab:0.25,1.75,0.25,1.80263,0.25,1.85526,0.25,1.90789,0.25,1.96053,0.25,2.01316,0.25,2.06579,0.25,2.11842,0.25,2.17105,0.25,2.22368,0.27632,2.25,0.32895,2.25,0.38158,2.25,0.43421,2.25,0.48684,2.25,0.53947,2.25,0.59211,2.25,0.64474,2.25,0.69737,2.25,0.75,2.25:-1.0,-1.0,-1.0,-0.78947,-1.0,-0.57895,-1.0,-0.36842,-1.0,-0.15789,-1.0,0.05263,-1.0,0.26316,-1.0,0.47368,-1.0,0.68421,-1.0,0.89474,-0.89474,1.0,-0.68421,1.0,-0.47368,1.0,-0.26316,1.0,-0.05263,1.0,0.15789,1.0,0.36842,1.0,0.57895,1.0,0.78947,1.0,1.0,1.0
fa:0.75,1.25,0.72368,1.30263,0.69737,1.35526,0.67105,1.40789,0.64474,1.46053,0.61842,1.51316,0.59211,1.56579,0.56579,1.61842,0.53947,1.67105,0.51316,1.72368,0.48684,1.77632,0.46053,1.82895,0.43421,1.88158,0.40789,1.93421,0.38158,1.98684,0.35526,2.03947,0.32895,2.09211,0.30263,2.14474,0.27632,2.19737,0.25,2.25:0.5,-1.0,0.44737,-0.89474,0.39474,-0.78947,0.34211,-0.68421,0.28947,-0.57895,0.23684,-0.47368,0.18421,-0.36842,0.13158,-0.26316,0.07895,-0.15789,0.02632,-0.05263,-0.02632,0.05263,-0.07895,0.15789,-0.13158,0.26316,-0.18421,0.36842,-0.23684,0.47368,-0.28947,0.57895,-0.34211,0.68421,-0.39474,0.78947,-0.44737,0.89474,-0.5,1.0
chad:0.25,1.75,0.33018,1.58965,0.41035,1.4293,0.49053,1.26895,0.5707,1.1086,0.65088,0.94824,0.73105,0.78789,0.7067,0.87989,0.65001,1.04996,0.59332,1.22004,0.53663,1.39012,0.47993,1.5602,0.42324,1.73027,0.36655,1.90035,0.30986,2.07043,0.25316,2.24051,0.36969,2.13031,0.49646,2.00354,0.62323,1.87677,0.75,1.75:-0.34421,0.32465,-0.23382,0.10388,-0.12343,-0.1169,-0.01304,-0.33767,0.09734,-0.55845,0.20773,-0.77922,0.31812,-1.0,0.2846,-0.87334,0.20654,-0.63918,0.12849,-0.40501,0.05043,-0.17084,-0.02763,0.06333,-0.10568,0.2975,-0.18374,0.53166,-0.26179,0.76583,-0.33985,1.0,-0.17941,0.84827,-0.00487,0.67373,0.16967,0.49919,0.34421,0.32465
cgi:0.25,1.75,0.25,1.67105,0.25,1.59211,0.25,1.51316,0.25,1.43421,0.25,1.35526,0.25,1.27632,0.25,1.19737,0.25,1.11842,0.25,1.03947,0.25,0.96053,0.25,0.88158,0.25,0.80263,0.25,0.72368,0.25,0.64474,0.25,0.56579,0.25,0.48684,0.25,0.40789,0.25,0.32895,0.25,0.25:0.0,1.0,0.0,0.89474,0.0,0.78947,0.0,0.68421,0.0,0.57895,0.0,0.47368,0.0,0.36842,0.0,0.26316,0.0,0.15789,0.0,0.05263,0.0,-0.05263,0.0,-0.15789,0.0,-0.26316,0.0,-0.36842,0.0,-0.47368,0.0,-0.57895,0.0,-0.68421,0.0,-0.78947,0.0,-0.89474,0.0,-1.0
gc:0.25,0.75,0.25,0.80263,0.25,0.85526,0.25,0.90789,0.25,0.96053,0.25,1.01316,0.25,1.06579,0.25,1.11842,0.25,1.17105,0.25,1.22368,0.25,1.27632,0.25,1.32895,0.25,1.38158,0.25,1.43421,0.25,1.48684,0.25,1.53947,0.25,1.59211,0.25,1.64474,0.25,1.69737,0.25,1.75:0.0,-1.0,0.0,-0.89474,0.0,-0.78947,0.0,-0.68421,0.0,-0.57895,0.0,-0.47368,0.0,-0.36842,0.0,-0.26316,0.0,-0.15789,0.0,-0.05263,0.0,0.05263,0.0,0.15789,0.0,0.26316,0.0,0.36842,0.0,0.47368,0.0,0.57895,0.0,0.68421,0.0,0.78947,0.0,0.89474,0.0,1.0
ci:0.25,1.75,0.25,1.67105,0.25,1.59211,0.25,1.51316,0.25,1.43421,0.25,1.35526,0.25,1.27632,0.25,1.19737,0.25,1.11842,0.25,1.03947,0.25,0.96053,0.25,0.88158,0.25,0.80263,0.25,0.72368,0.25,0.64474,0.25,0.56579,0.25,0.48684,0.25,0.40789,0.25,0.32895,0.25,0.25:0.0,1.0,0.0,0.89474,0.0,0.78947,0.0,0.68421,0.0,0.57895,0.0,0.47368,0.0,0.36842,0.0,0.26316,0.0,0.15789,0.0,0.05263,0.0,-0.05263,0.0,-0.15789,0.0,-0.26316,0.0,-0.36842,0.0,-0.47368,0.0,-0.57895,0.0,-0.68421,0.0,-0.78947,0.0,-0.89474,0.0,-1.0
bee:0.75,2.25,0.72368,2.19737,0.69737,2.14474,0.67105,2.09211,0.64474,2.03947,0.61842,1.98684,0.59211,1.93421,0.56579,1.88158,0.53947,1.82895,0.51316,1.77632,0.48684,1.72368,0.46053,1.67105,0.43421,1.61842,0.40789,1.56579,0.38158,1.51316,0.35526,1.46053,0.32895,1.40789,0.30263,1.35526,0.27632,1.30263,0.25,1.25:0.5,1.0,0.44737,0.89474,0.39474,0.78947,0.34211,0.68421,0.28947,0.57895,0.23684,0.47368,0.18421,0.36842,0.13158,0.26316,0.07895,0.15789,0.02632,0.05263,-0.02632,-0.05263,-0.07895,-0.15789,-0.13158,-0.26316,-0.18421,-0.36842,-0.23684,-0.47368,-0.28947,-0.57895,-0.34211,-0.68421,-0.39474,-0.78947,-0.44737,-0.89474,-0.5,-1.0
gif:0.25,0.75,0.25,0.66484,0.25,0.57968,0.25,0.49452,0.25,0.40936,0.25,0.3242,0.2549,0.2598,0.29299,0.33597,0.33107,0.41214,0.36915,0.48831,0.40724,0.56448,0.44532,0.64065,0.48341,0.71682,0.52149,0.79299,0.55958,0.86915,0.59766,0.94532,0.63575,1.02149,0.67383,1.09766,0.71192,1.17383,0.75,1.25:-0.50495,-0.0099,-0.50495,-0.1819,-0.50495,-0.35391,-0.50495,-0.52591,-0.50495,-0.69792,-0.50495,-0.86992,-0.49505,-1.0,-0.41813,-0.84615,-0.3412,-0.69231,-0.26428,-0.53846,-0.18736,-0.38462,-0.11044,-0.23077,-0.03351,-0.07692,0.04341,0.07692,0.12033,0.23077,0.19726,0.38462,0.27418,0.53846,0.3511,0.69231,0.42803,0.84615,0.50495,1.0
jd:0.75,0.25,0.75,0.32895,0.75,0.40789,0.75,0.48684,0.75,0.56579,0.75,0.64474,0.75,0.72368,0.75,0.80263,0.75,0.88158,0.75,0.96053,0.75,1.03947,0.75,1.11842,0.75,1.19737,0.75,1.27632,0.75,1.35526,0.75,1.43421,0.75,1.51316,0.75,1.59211,0.75,1.67105,0.75,1.75:0.0,-1.0,0.0,-0.89474,0.0,-0.78947,0.0,-0.68421,0.0,-0.57895,0.0,-0.47368,0.0,-0.36842,0.0,-0.26316,0.0,-0.15789,0.0,-0.05263,0.0,0.05263,0.0,0.15789,0.0,0.26316,0.0,0.36842,0.0,0.47368,0.0,0.57895,0.0,0.68421,0.0,0.78947,0.0,0.89474,0.0,1.0
fiji:0.75,1.25,0.70015,1.15029,0.65029,1.05059,0.60044,0.95088,0.55059,0.85117,0.50073,0.75147,0.45088,0.65176,0.40103,0.55205,0.35117,0.45235,0.30132,0.35264,0.25147,0.25293,0.3582,0.25,0.46967,0.25,0.58115,0.25,0.69262,0.25,0.6959,0.25,0.58443,0.25,0.47295,0.25,0.36148,0.25,0.25,0.25:0.5,1.0,0.40029,0.80059,0.30059,0.60117,0.20088,0.40176,0.10117,0.20235,0.00147,0.00293,-0.09824,-0.19648,-0.19795,-0.39589,-0.29765,-0.59531,-0.39736,-0.79472,-0.49707,-0.99413,-0.28361,-1.0,-0.06066,-1.0,0.16229,-1.0,0.38525,-1.0,0.3918,-1.0,0.16885,-1.0,-0.0541,-1.0,-0.27705,-1.0,-0.5,-1.0
jc:0.75,0.25,0.72368,0.32895,0.69737,0.40789,0.67105,0.48684,0.64474,0.56579,0.61842,0.64474,0.59211,0.72368,0.56579,0.80263,0.53947,0.88158,0.51316,0.96053,0.48684,1.03947,0.46053,1.11842,0.43421,1.19737,0.40789,1.27632,0.38158,1.35526,0.35526,1.43421,0.32895,1.51316,0.30263,1.59211,0.27632,1.67105,0.25,1.75:0.33333,-1.0,0.29825,-0.89474,0.26316,-0.78947,0.22807,-0.68421,0.19298,-0.57895,0.15789,-0.47368,0.12281,-0.36842,0.08772,-0.26316,0.05263,-0.15789,0.01754,-0.05263,-0.01754,0.05263,-0.05263,0.15789,-0.08772,0.26316,-0.12281,0.36842,-0.15789,0.47368,-0.19298,0.57895,-0.22807,0.68421,-0.26316,0.78947,-0.29825,0.89474,-0.33333,1.0
ide:0.25,0.25,0.28808,0.36425,0.32617,0.47851,0.36425,0.59276,0.40234,0.70701,0.44042,0.82127,0.47851,0.93552,0.51659,1.04978,0.55468,1.16403,0.59276,1.27828,0.63085,1.39254,0.66893,1.50679,0.70701,1.62104,0.7451,1.7353,0.6758,1.6758,0.59064,1.59064,0.50548,1.50548,0.42032,1.42032,0.33516,1.33516,0.25,1.25:-0.33333,-1.0,-0.28205,-0.84615,-0.23077,-0.69231,-0.17949,-0.53846,-0.12821,-0.38462,-0.07692,-0.23077,-0.02564,-0.07692,0.02564,0.07692,0.07692,0.23077,0.12821,0.38462,0.17949,0.53846,0.23077,0.69231,0.28205,0.84615,0.33333,1.0,0.24002,0.91988,0.12535,0.80521,0.01068,0.69054,-0.10399,0.57587,-0.21866,0.4612,-0.33333,0.34653
eddie:0.25,1.25,0.37238,1.37238,0.49475,1.49475,0.61713,1.61713,0.7395,1.7395,0.69997,1.5999,0.64524,1.43571,0.59051,1.27153,0.53578,1.10735,0.48105,0.94316,0.42633,0.77898,0.3716,0.61479,0.31687,0.45061,0.26214,0.28642,0.25,0.38467,0.25,0.55774,0.25,0.7308,0.25,0.90387,0.25,1.07693,0.25,1.25:-0.33687,0.32625,-0.16844,0.49469,0.0,0.66313,0.16844,0.83156,0.33687,1.0,0.28245,0.80785,0.20713,0.58187,0.1318,0.35589,0.05647,0.12991,-0.01885,-0.09608,-0.09418,-0.32206,-0.16951,-0.54804,-0.24484,-0.77402,-0.32016,-1.0,-0.33687,-0.86477,-0.33687,-0.62657,-0.33687,-0.38836,-0.33687,-0.15016,-0.33687,0.08805,-0.33687,0.32625
fg:0.75,1.25,0.72368,1.22368,0.69737,1.19737,0.67105,1.17105,0.64474,1.14474,0.61842,1.11842,0.59211,1.09211,0.56579,1.06579,0.53947,1.03947,0.51316,1.01316,0.48684,0.98684,0.46053,0.96053,0.43421,0.93421,0.40789,0.90789,0.38158,0.88158,0.35526,0.85526,0.32895,0.82895,0.30263,0.80263,0.27632,0.77632,0.25,0.75:1.0,1.0,0.89474,0.89474,0.78947,0.78947,0.68421,0.68421,0.57895,0.57895,0.47368,0.47368,0.36842,0.36842,0.26316,0.26316,0.15789,0.15789,0.05263,0.05263,-0.05263,-0.05263,-0.15789,-0.15789,-0.26316,-0.26316,-0.36842,-0.36842,-0.47368,-0.47368,-0.57895,-0.57895,-0.68421,-0.68421,-0.78947,-0.78947,-0.89474,-0.89474,-1.0,-1.0
aj:0.25,2.25,0.27632,2.14474,0.30263,2.03947,0.32895,1.93421,0.35526,1.82895,0.38158,1.72368,0.40789,1.61842,0.43421,1.51316,0.46053,1.40789,0.48684,1.30263,0.51316,1.19737,0.53947,1.09211,0.56579,0.98684,0.59211,0.88158,0.61842,0.77632,0.64474,0.67105,0.67105,0.56579,0.69737,0.46053,0.72368,0.35526,0.75,0.25:-0.25,1.0,-0.22368,0.89474,-0.19737,0.78947,-0.17105,0.68421,-0.14474,0.57895,-0.11842,0.47368,-0.09211,0.36842,-0.06579,0.26316,-0.03947,0.15789,-0.01316,0.05263,0.01316,-0.05263,0.03947,-0.15789,0.06579,-0.26316,0.09211,-0.36842,0.11842,-0.47368,0.14474,-0.57895,0.17105,-0.68421,0.19737,-0.78947,0.22368,-0.89474,0.25,-1.0
cia:0.25,1.75,0.25,1.56579,0.25,1.38158,0.25,1.19737,0.25,1.01316,0.25,0.82895,0.25,0.64474,0.25,0.46053,0.25,0.27632,0.25,0.40789,0.25,0.59211,0.25,0.77632,0.25,0.96053,0.25,1.14474,0.25,1.32895,0.25,1.51316,0.25,1.69737,0.25,1.88158,0.25,2.06579,0.25,2.25:0.0,0.49333,0.0,0.30667,0.0,0.12,0.0,-0.06667,0.0,-0.25333,0.0,-0.44,0.0,-0.62667,0.0,-0.81333,0.0,-1.0,0.0,-0.86667,0.0,-0.68,0.0,-0.49333,0.0,-0.30667,0.0,-0.12,0.0,0.06667,0.0,0.25333,0.0,0.44,0.0,0.62667,0.0,0.81333,0.0,1.0
dig:0.75,1.75,0.71536,1.64609,0.68072,1.54217,0.64609,1.43826,0.61145,1.33435,0.57681,1.23044,0.54217,1.12652,0.50754,1.02261,0.4729,0.9187,0.43826,0.81479,0.40362,0.71087,0.36899,0.60696,0.33435,0.50305,0.29971,0.39913,0.26507,0.29522,0.25,0.31187,0.25,0.4214,0.25,0.53093,0.25,0.64047,0.25,0.75:0.3437,1.0,0.29608,0.85714,0.24846,0.71429,0.20084,0.57143,0.15322,0.42857,0.1056,0.28571,0.05798,0.14286,0.01036,0.0,-0.03726,-0.14286,-0.08488,-0.28571,-0.1325,-0.42857,-0.18011,-0.57143,-0.22773,-0.71429,-0.27535,-0.85714,-0.32297,-1.0,-0.3437,-0.97712,-0.3437,-0.82653,-0.3437,-0.67595,-0.3437,-0.52536,-0.3437,-0.37478
cg:0.25,1.75,0.25,1.69737,0.25,1.64474,0.25,1.59211,0.25,1.53947,0.25,1.48684,0.25,1.43421,0.25,1.38158,0.25,1.32895,0.25,1.27632,0.25,1.22368,0.25,1.17105,0.25,1.11842,0.25,1.06579,0.25,1.01316,0.25,0.96053,0.25,0.90789,0.25,0.85526,0.25,0.80263,0.25,0.75:0.0,1.0,0.0,0.89474,0.0,0.78947,0.0,0.68421,0.0,0.57895,0.0,0.47368,0.0,0.36842,0.0,0.26316,0.0,0.15789,0.0,0.05263,0.0,-0.05263,0.0,-0.15789,0.0,-0.26316,0.0,-0.36842,0.0,-0.47368,0.0,-0.57895,0.0,-0.68421,0.0,-0.78947,0.0,-0.89474,0.0,-1.0
ada:0.25,2.25,0.30263,2.19737,0.35526,2.14474,0.40789,2.09211,0.46053,2.03947,0.51316,1.98684,0.56579,1.93421,0.61842,1.88158,0.67105,1.82895,0.72368,1.77632,0.72368,1.77632,0.67105,1.82895,0.61842,1.88158,0.56579,1.93421,0.51316,1.98684,0.46053,2.03947,0.40789,2.09211,0.35526,2.14474,0.30263,2.19737,0.25,2.25:-1.0,1.0,-0.77778,0.77778,-0.55556,0.55556,-0.33333,0.33333,-0.11111,0.11111,0.11111,-0.11111,0.33333,-0.33333,0.55556,-0.55556,0.77778,-0.77778,1.0,-1.0,1.0,-1.0,0.77778,-0.77778,0.55556,-0.55556,0.33333,-0.33333,0.11111,-0.11111,-0.11111,0.11111,-0.33333,0.33333,-0.55556,0.55556,-0.77778,0.77778,-1.0,1.0
gba:0.25,0.75,0.28464,0.85391,0.31928,0.95783,0.35391,1.06174,0.38855,1.16565,0.42319,1.26956,0.45783,1.37348,0.49246,1.47739,0.5271,1.5813,0.56174,1.68521,0.59638,1.78913,0.63101,1.89304,0.66565,1.99695,0.70029,2.10087,0.73493,2.20478,0.68813,2.25,0.5786,2.25,0.46907,2.25,0.35953,2.25,0.25,2.25:-0.32328,-1.0,-0.2771,-0.86145,-0.23092,-0.7229,-0.18473,-0.58435,-0.13855,-0.4458,-0.09237,-0.30725,-0.04618,-0.1687,0.0,-0.03015,0.04618,0.1084,0.09237,0.24695,0.13855,0.3855,0.18473,0.52405,0.23092,0.6626,0.2771,0.80115,0.32328,0.9397,0.2609,1.0,0.11485,1.0,-0.03119,1.0,-0.17724,1.0,-0.32328,1.0
fbi:0.75,1.25,0.75,1.41113,0.75,1.57227,0.75,1.7334,0.75,1.89454,0.75,2.05567,0.75,2.21681,0.71897,2.12588,0.67989,1.96956,0.64081,1.81323,0.60173,1.65691,0.56265,1.50059,0.52357,1.34426,0.48448,1.18794,0.4454,1.03162,0.40632,0.87529,0.36724,0.71897,0.32816,0.56265,0.28908,0.40632,0.25,0.25:0.25422,0.01688,0.25422,0.18073,0.25422,0.34458,0.25422,0.50844,0.25422,0.67229,0.25422,0.83615,0.25422,1.0,0.22267,0.90754,0.18293,0.74858,0.14318,0.58962,0.10344,0.43065,0.0637,0.27169,0.02396,0.11273,-0.01578,-0.04623,-0.05552,-0.20519,-0.09526,-0.36415,-0.135,-0.52312,-0.17474,-0.68208,-0.21448,-0.84104,-0.25422,-1.0
eh:0.25,1.25,0.27632,1.22368,0.30263,1.19737,0.32895,1.17105,0.35526,1.14474,0.38158,1.11842,0.40789,1.09211,0.43421,1.06579,0.46053,1.03947,0.48684,1.01316,0.51316,0.98684,0.53947,0.96053,0.56579,0.93421,0.59211,0.90789,0.61842,0.88158,0.64474,0.85526,0.67105,0.82895,0.69737,0.80263,0.72368,0.77632,0.75,0.75:-1.0,1.0,-0.89474,0.89474,-0.78947,0.78947,-0.68421,0.68421,-0.57895,0.57895,-0.47368,0.47368,-0.36842,0.36842,-0.26316,0.26316,-0.15789,0.15789,-0.05263,0.05263,0.05263,-0.05263,0.15789,-0.15789,0.26316,-0.26316,0.36842,-0.36842,0.47368,-0.47368,0.57895,-0.57895,0.68421,-0.68421,0.78947,-0.78947,0.89474,-0.89474,1.0,-1.0
hc:0.75,0.75,0.72368,0.80263,0.69737,0.85526,0.67105,0.90789,0.64474,0.96053,0.61842,1.01316,0.59211,1.06579,0.56579,1.11842,0.53947,1.17105,0.51316,1.22368,0.48684,1.27632,0.46053,1.32895,0.43421,1.38158,0.40789,1.43421,0.38158,1.48684,0.35526,1.53947,0.32895,1.59211,0.30263,1.64474,0.27632,1.69737,0.25,1.75:0.5,-1.0,0.44737,-0.89474,0.39474,-0.78947,0.34211,-0.68421,0.28947,-0.57895,0.23684,-0.47368,0.18421,-0.36842,0.13158,-0.26316,0.07895,-0.15789,0.02632,-0.05263,-0.02632,0.05263,-0.07895,0.15789,-0.13158,0.26316,-0.18421,0.36842,-0.23684,0.47368,-0.28947,0.57895,-0.34211,0.68421,-0.39474,0.78947,-0.44737,0.89474,-0.5,1.0
dh:0.75,1.75,0.75,1.69737,0.75,1.64474,0.75,1.59211,0.75,1.53947,0.75,1.48684,0.75,1.43421,0.75,1.38158,0.75,1.32895,0.75,1.27632,0.75,1.22368,0.75,1.17105,0.75,1.11842,0.75,1.06579,0.75,1.01316,0.75,0.96053,0.75,0.90789,0.75,0.85526,0.75,0.80263,0.75,0.75:0.0,1.0,0.0,0.89474,0.0,0.78947,0.0,0.68421,0.0,0.57895,0.0,0.47368,0.0,0.36842,0.0,0.26316,0.0,0.15789,0.0,0.05263,0.0,-0.05263,0.0,-0.15789,0.0,-0.26316,0.0,-0.36842,0.0,-0.47368,0.0,-0.57895,0.0,-0.68421,0.0,-0.78947,0.0,-0.89474,0.0,-1.0
fcc:0.75,1.25,0.72368,1.27632,0.69737,1.30263,0.67105,1.32895,0.64474,1.35526,0.61842,1.38158,0.59211,1.40789,0.56579,1.43421,0.53947,1.46053,0.51316,1.48684,0.48684,1.51316,0.46053,1.53947,0.43421,1.56579,0.40789,1.59211,0.38158,1.61842,0.35526,1.64474,0.32895,1.67105,0.30263,1.69737,0.27632,1.72368,0.25,1.75:1.0,-1.0,0.89474,-0.89474,0.78947,-0.78947,0.68421,-0.68421,0.57895,-0.57895,0.47368,-0.47368,0.36842,-0.36842,0.26316,-0.26316,0.15789,-0.15789,0.05263,-0.05263,-0.05263,0.05263,-0.15789,0.15789,-0.26316,0.26316,-0.36842,0.36842,-0.47368,0.47368,-0.57895,0.57895,-0.68421,0.68421,-0.78947,0.78947,-0.89474,0.89474,-1.0,1.0
df:0.75,1.75,0.75,1.72368,0.75,1.69737,0.75,1.67105,0.75,1.64474,0.75,1.61842,0.75,1.59211,0.75,1.56579,0.75,1.53947,0.75,1.51316,0.75,1.48684,0.75,1.46053,0.75,1.43421,0.75,1.40789,0.75,1.38158,0.75,1.35526,0.75,1.32895,0.75,1.30263,0.75,1.27632,0.75,1.25:0.0,1.0,0.0,0.89474,0.0,0.78947,0.0,0.68421,0.0,0.57895,0.0,0.47368,0.0,0.36842,0.0,0.26316,0.0,0.15789,0.0,0.05263,0.0,-0.05263,0.0,-0.15789,0.0,-0.26316,0.0,-0.36842,0.0,-0.47368,0.0,-0.57895,0.0,-0.68421,0.0,-0.78947,0.0,-0.89474,0.0,-1.0
bd:0.75,2.25,0.75,2.22368,0.75,2.19737,0.75,2.17105,0.75,2.14474,0.75,2.11842,0.75,2.09211,0.75,2.06579,0.75,2.03947,0.75,2.01316,0.75,1.98684,0.75,1.96053,0.75,1.93421,0.75,1.90789,0.75,1.88158,0.75,1.85526,0.75,1.82895,0.75,1.80263,0.75,1.77632,0.75,1.75:0.0,1.0,0.0,0.89474,0.0,0.78947,0.0,0.68421,0.0,0.57895,0.0,0.47368,0.0,0.36842,0.0,0.26316,0.0,0.15789,0.0,0.05263,0.0,-0.05263,0.0,-0.15789,0.0,-0.26316,0.0,-0.36842,0.0,-0.47368,0.0,-0.57895,0.0,-0.68421,0.0,-0.78947,0.0,-0.89474,0.0,-1.0
cage:0.25,1.75,0.25,1.88158,0.25,2.01316,0.25,2.14474,0.25,2.22368,0.25,2.09211,0.25,1.96053,0.25,1.82895,0.25,1.69737,0.25,1.56579,0.25,1.43421,0.25,1.30263,0.25,1.17105,0.25,1.03947,0.25,0.90789,0.25,0.77632,0.25,0.85526,0.25,0.98684,0.25,1.11842,0.25,1.25:0.0,0.34545,0.0,0.52727,0.0,0.70909,0.0,0.89091,0.0,1.0,0.0,0.81818,0.0,0.63636,0.0,0.45455,0.0,0.27273,0.0,0.09091,0.0,-0.09091,0.0,-0.27273,0.0,-0.45455,0.0,-0.63636,0.0,-0.81818,0.0,-1.0,0.0,-0.89091,0.0,-0.70909,0.0,-0.52727,0.0,-0.34545
fd:0.75,1.25,0.75,1.27632,0.75,1.30263,0.75,1.32895,0.75,1.35526,0.75,1.38158,0.75,1.40789,0.75,1.43421,0.75,1.46053,0.75,1.48684,0.75,1.51316,0.75,1.53947,0.75,1.56579,0.75,1.59211,0.75,1.61842,0.75,1.64474,0.75,1.67105,0.75,1.69737,0.75,1.72368,0.75,1.75:0.0,-1.0,0.0,-0.89474,0.0,-0.78947,0.0,-0.68421,0.0,-0.57895,0.0,-0.47368,0.0,-0.36842,0.0,-0.26316,0.0,-0.15789,0.0,-0.05263,0.0,0.05263,0.0,0.15789,0.0,0.26316,0.0,0.36842,0.0,0.47368,0.0,0.57895,0.0,0.68421,0.0,0.78947,0.0,0.89474,0.0,1.0
badge:0.75,2.25,0.60131,2.25,0.45262,2.25,0.30393,2.25,0.31701,2.18299,0.42215,2.07785,0.52729,1.97271,0.63243,1.86757,0.73757,1.76243,0.69136,1.63272,0.62487,1.49973,0.55837,1.36674,0.49187,1.23374,0.42537,1.10075,0.35888,0.96776,0.29238,0.83476,0.25,0.80393,0.25,0.95262,0.25,1.10131,0.25,1.25:0.34576,1.0,0.14011,1.0,-0.06553,1.0,-0.27118,1.0,-0.25309,0.90732,-0.10767,0.76191,0.03775,0.61649,0.18316,0.47107,0.32858,0.32566,0.26466,0.14627,0.1727,-0.03766,0.08073,-0.2216,-0.01124,-0.40554,-0.10321,-0.58948,-0.19518,-0.77341,-0.28715,-0.95735,-0.34576,-1.0,-0.34576,-0.79435,-0.34576,-0.5887,-0.34576,-0.38305
gig:0.25,0.75,0.25,0.69737,0.25,0.64474,0.25,0.59211,0.25,0.53947,0.25,0.48684,0.25,0.43421,0.25,0.38158,0.25,0.32895,0.25,0.27632,0.25,0.27632,0.25,0.32895,0.25,0.38158,0.25,0.43421,0.25,0.48684,0.25,0.53947,0.25,0.59211,0.25,0.64474,0.25,0.69737,0.25,0.75:0.0,1.0,0.0,0.77778,0.0,0.55556,0.0,0.33333,0.0,0.11111,0.0,-0.11111,0.0,-0.33333,0.0,-0.55556,0.0,-0.77778,0.0,-1.0,0.0,-1.0,0.0,-0.77778,0.0,-0.55556,0.0,-0.33333,0.0,-0.11111,0.0,0.11111,0.0,0.33333,0.0,0.55556,0.0,0.77778,0.0,1.0
dice:0.75,1.75,0.6904,1.57119,0.63079,1.39238,0.57119,1.21357,0.51159,1.03476,0.45199,0.85596,0.39238,0.67715,0.33278,0.49834,0.27318,0.31953,0.25,0.36519,0.25,0.55367,0.25,0.74215,0.25,0.93063,0.25,1.11911,0.25,1.3076,0.25,1.49608,0.25,1.68456,0.25,1.62696,0.25,1.43848,0.25,1.25:0.34954,1.0,0.2662,0.75,0.18287,0.5,0.09954,0.25,0.0162,0.0,-0.06713,-0.25,-0.15046,-0.5,-0.2338,-0.75,-0.31713,-1.0,-0.34954,-0.93616,-0.34954,-0.67264,-0.34954,-0.40911,-0.34954,-0.14559,-0.34954,0.11793,-0.34954,0.38146,-0.34954,0.64498,-0.34954,0.9085,-0.34954,0.82798,-0.34954,0.56445,-0.34954,0.30093
ccd:0.25,1.75,0.27632,1.75,0.30263,1.75,0.32895,1.75,0.35526,1.75,0.38158,1.75,0.40789,1.75,0.43421,1.75,0.46053,1.75,0.48684,1.75,0.51316,1.75,0.53947,1.75,0.56579,1.75,0.59211,1.75,0.61842,1.75,0.64474,1.75,0.67105,1.75,0.69737,1.75,0.72368,1.75,0.75,1.75:-1.0,0.0,-0.89474,0.0,-0.78947,0.0,-0.68421,0.0,-0.57895,0.0,-0.47368,0.0,-0.36842,0.0,-0.26316,0.0,-0.15789,0.0,-0.05263,0.0,0.05263,0.0,0.15789,0.0,0.26316,0.0,0.36842,0.0,0.47368,0.0,0.57895,0.0,0.68421,0.0,0.78947,0.0,0.89474,0.0,1.0,0.0
dg:0.75,1.75,0.72368,1.69737,0.69737,1.64474,0.67105,1.59211,0.64474,1.53947,0.61842,1.48684,0.59211,1.43421,0.56579,1.38158,0.53947,1.32895,0.51316,1.27632,0.48684,1.22368,0.46053,1.17105,0.43421,1.11842,0.40789,1.06579,0.38158,1.01316,0.35526,0.96053,0.32895,0.90789,0.30263,0.85526,0.27632,0.80263,0.25,0.75:0.5,1.0,0.44737,0.89474,0.39474,0.78947,0.34211,0.68421,0.28947,0.57895,0.23684,0.47368,0.18421,0.36842,0.13158,0.26316,0.07895,0.15789,0.02632,0.05263,-0.02632,-0.05263,-0.07895,-0.15789,-0.13158,-0.26316,-0.18421,-0.36842,-0.23684,-0.47368,-0.28947,-0.57895,-0.34211,-0.68421,-0.39474,-0.78947,-0.44737,-0.89474,-0.5,-1.0
deaf:0.75,1.75,0.64486,1.64486,0.53972,1.53972,0.43458,1.43458,0.32944,1.32944,0.25,1.28635,0.25,1.43504,0.25,1.58373,0.25,1.73243,0.25,1.88112,0.25,2.02981,0.25,2.1785,0.28452,2.18096,0.35102,2.04796,0.41752,1.91497,0.48401,1.78198,0.55051,1.64898,0.61701,1.51599,0.6835,1.38299,0.75,1.25:0.53708,0.07416,0.3112,-0.15171,0.08533,-0.37759,-0.14055,-0.60347,-0.36643,-0.82934,-0.53708,-0.92191,-0.53708,-0.60247,-0.53708,-0.28303,-0.53708,0.03641,-0.53708,0.35585,-0.53708,0.67529,-0.53708,0.99472,-0.46292,1.0,-0.32006,0.71429,-0.1772,0.42857,-0.03435,0.14286,0.10851,-0.14286,0.25137,-0.42857,0.39422,-0.71429,0.53708,-1.0
gd:0.25,0.75,0.27632,0.80263,0.30263,0.85526,0.32895,0.90789,0.35526,0.96053,0.38158,1.01316,0.40789,1.06579,0.43421,1.11842,0.46053,1.17105,0.48684,1.22368,0.51316,1.27632,0.53947,1.32895,0.56579,1.38158,0.59211,1.43421,0.61842,1.48684,0.64474,1.53947,0.67105,1.59211,0.69737,1.64474,0.72368,1.69737,0.75,1.75:-0.5,-1.0,-0.44737,-0.89474,-0.39474,-0.78947,-0.34211,-0.68421,-0.28947,-0.57895,-0.23684,-0.47368,-0.18421,-0.36842,-0.13158,-0.26316,-0.07895,-0.15789,-0.02632,-0.05263,0.02632,0.05263,0.07895,0.15789,0.13158,0.26316,0.18421,0.36842,0.23684,0.47368,0.28947,0.57895,0.34211,0.68421,0.39474,0.78947,0.44737,0.89474,0.5,1.0
baghdad:0.75,2.25,0.49136,2.25,0.25,2.23271,0.25,1.97407,0.25,1.71543,0.25,1.45679,0.25,1.19814,0.25,0.9395,0.31914,0.75,0.57779,0.75,0.75,0.83643,0.75,1.09507,0.75,1.35371,0.75,1.61236,0.66444,1.83556,0.48155,2.01845,0.29866,2.20134,0.38422,2.11578,0.56711,1.93289,0.75,1.75:0.33333,1.0,-0.01152,1.0,-0.33333,0.97695,-0.33333,0.6321,-0.33333,0.28724,-0.33333,-0.05762,-0.33333,-0.40248,-0.33333,-0.74733,-0.24114,-1.0,0.10371,-1.0,0.33333,-0.88476,0.33333,-0.53991,0.33333,-0.19505,0.33333,0.14981,0.21925,0.44741,-0.0246,0.69126,-0.26845,0.93511,-0.15437,0.82103,0.08948,0.57718,0.33333,0.33333
cj:0.25,1.75,0.27632,1.67105,0.30263,1.59211,0.32895,1.51316,0.35526,1.43421,0.38158,1.35526,0.40789,1.27632,0.43421,1.19737,0.46053,1.11842,0.48684,1.03947,0.51316,0.96053,0.53947,0.88158,0.56579,0.80263,0.59211,0.72368,0.61842,0.64474,0.64474,0.56579,0.67105,0.48684,0.69737,0.40789,0.72368,0.32895,0.75,0.25:-0.33333,1.0,-0.29825,0.89474,-0.26316,0.78947,-0.22807,0.68421,-0.19298,0.57895,-0.15789,0.47368,-0.12281,0.36842,-0.08772,0.26316,-0.05263,0.15789,-0.01754,0.05263,0.01754,-0.05263,0.05263,-0.15789,0.08772,-0.26316,0.12281,-0.36842,0.15789,-0.47368,0.19298,-0.57895,0.22807,-0.68421,0.26316,-0.78947,0.29825,-0.89474,0.33333,-1.0
dee:0.75,1.75,0.72368,1.72368,0.69737,1.69737,0.67105,1.67105,0.64474,1.64474,0.61842,1.61842,0.59211,1.59211,0.56579,1.56579,0.53947,1.53947,0.51316,1.51316,0.48684,1.48684,0.46053,1.46053,0.43421,1.43421,0.40789,1.40789,0.38158,1.38158,0.35526,1.35526,0.32895,1.32895,0.30263,1.30263,0.27632,1.27632,0.25,1.25:1.0,1.0,0.89474,0.89474,0.78947,0.78947,0.68421,0.68421,0.57895,0.57895,0.47368,0.47368,0.36842,0.36842,0.26316,0.26316,0.15789,0.15789,0.05263,0.05263,-0.05263,-0.05263,-0.15789,-0.15789,-0.26316,-0.26316,-0.36842,-0.36842,-0.47368,-0.47368,-0.57895,-0.57895,-0.68421,-0.68421,-0.78947,-0.78947,-0.89474,-0.89474,-1.0,-1.0
bg:0.75,2.25,0.72368,2.17105,0.69737,2.09211,0.67105,2.01316,0.64474,1.93421,0.61842,1.85526,0.59211,1.77632,0.56579,1.69737,0.53947,1.61842,0.51316,1.53947,0.48684,1.46053,0.46053,1.38158,0.43421,1.30263,0.40789,1.22368,0.38158,1.14474,0.35526,1.06579,0.32895,0.98684,0.30263,0.90789,0.27632,0.82895,0.25,0.75:0.33333,1.0,0.29825,0.89474,0.26316,0.78947,0.22807,0.68421,0.19298,0.57895,0.15789,0.47368,0.12281,0.36842,0.08772,0.26316,0.05263,0.15789,0.01754,0.05263,-0.01754,-0.05263,-0.05263,-0.15789,-0.08772,-0.26316,-0.12281,-0.36842,-0.15789,-0.47368,-0.19298,-0.57895,-0.22807,-0.68421,-0.26316,-0.78947,-0.29825,-0.89474,-0.33333,-1.0
jade:0.75,0.25,0.70563,0.42747,0.66126,0.60495,0.6169,0.78242,0.57253,0.95989,0.52816,1.13737,0.48379,1.31484,0.43942,1.49231,0.39505,1.66978,0.35069,1.84726,0.30632,2.02473,0.26195,2.2022,0.34452,2.15548,0.47387,2.02613,0.60323,1.89677,0.73258,1.76742,0.63806,1.63806,0.50871,1.50871,0.37935,1.37935,0.25,1.25:0.25612,-1.0,0.21067,-0.81818,0.16521,-0.63636,0.11976,-0.45455,0.0743,-0.27273,0.02885,-0.09091,-0.01661,0.09091,-0.06206,0.27273,-0.10752,0.45455,-0.15297,0.63636,-0.19842,0.81818,-0.24388,1.0,-0.15929,0.95213,-0.02677,0.81961,0.10575,0.68709,0.23828,0.55457,0.14144,0.42205,0.00892,0.28953,-0.1236,0.157,-0.25612,0.02448
gage:0.25,0.75,0.25,0.93421,0.25,1.11842,0.25,1.30263,0.25,1.48684,0.25,1.67105,0.25,1.85526,0.25,2.03947,0.25,2.22368,0.25,2.09211,0.25,1.90789,0.25,1.72368,0.25,1.53947,0.25,1.35526,0.25,1.17105,0.25,0.98684,0.25,0.80263,0.25,0.88158,0.25,1.06579,0.25,1.25:0.0,-1.0,0.0,-0.75,0.0,-0.5,0.0,-0.25,0.0,0.0,0.0,0.25,0.0,0.5,0.0,0.75,0.0,1.0,0.0,0.82143,0.0,0.57143,0.0,0.32143,0.0,0.07143,0.0,-0.17857,0.0,-0.42857,0.0,-0.67857,0.0,-0.92857,0.0,-0.82143,0.0,-0.57143,0.0,-0.32143
jedi:0.75,0.25,0.66982,0.41035,0.58965,0.5707,0.50947,0.73105,0.4293,0.8914,0.34912,1.05176,0.26895,1.21211,0.34681,1.34681,0.47358,1.47358,0.60035,1.60035,0.72712,1.72712,0.70354,1.61062,0.64685,1.44055,0.59016,1.27047,0.53346,1.10039,0.47677,0.93031,0.42008,0.76023,0.36339,0.59016,0.30669,0.42008,0.25,0.25:0.3385,-1.0,0.22994,-0.78289,0.12138,-0.56577,0.01283,-0.34866,-0.09573,-0.13155,-0.20429,0.08557,-0.31284,0.30268,-0.20742,0.48507,-0.03577,0.65671,0.13587,0.82836,0.30751,1.0,0.27559,0.84227,0.19883,0.61199,0.12207,0.3817,0.04531,0.15142,-0.03145,-0.07887,-0.10821,-0.30915,-0.18497,-0.53943,-0.26174,-0.76972,-0.3385,-1.0
deed:0.75,1.75,0.69737,1.69737,0.64474,1.64474,0.59211,1.59211,0.53947,1.53947,0.48684,1.48684,0.43421,1.43421,0.38158,1.38158,0.32895,1.32895,0.27632,1.27632,0.27632,1.27632,0.32895,1.32895,0.38158,1.38158,0.43421,1.43421,0.48684,1.48684,0.53947,1.53947,0.59211,1.59211,0.64474,1.64474,0.69737,1.69737,0.75,1.75:1.0,1.0,0.77778,0.77778,0.55556,0.55556,0.33333,0.33333,0.11111,0.11111,-0.11111,-0.11111,-0.33333,-0.33333,-0.55556,-0.55556,-0.77778,-0.77778,-1.0,-1.0,-1.0,-1.0,-0.77778,-0.77778,-0.55556,-0.55556,-0.33333,-0.33333,-0.11111,-0.11111,0.11111,0.11111,0.33333,0.33333,0.55556,0.55556,0.77778,0.77778,1.0,1.0
